482 512 1984 2
0.0 2.0 0.0
0.0 1.9807850122451782 0.19508999586105347
0.03805999830365181 1.9807850122451782 0.19134199619293213
0.07465799897909164 1.9807850122451782 0.18024000525474548
0.10838600248098373 1.9807850122451782 0.16221199929714203
0.13795000314712524 1.9807850122451782 0.13795000314712524
0.16221199929714203 1.9807850122451782 0.10838600248098373
0.18024000525474548 1.9807850122451782 0.07465799897909164
0.19134199619293213 1.9807850122451782 0.03805999830365181
0.19508999586105347 1.9807850122451782 0.0
0.19134199619293213 1.9807850122451782 -0.03805999830365181
0.18024000525474548 1.9807850122451782 -0.07465799897909164
0.16221199929714203 1.9807850122451782 -0.10838600248098373
0.13795000314712524 1.9807850122451782 -0.13795000314712524
0.10838600248098373 1.9807850122451782 -0.16221199929714203
0.07465799897909164 1.9807850122451782 -0.18024000525474548
0.03805999830365181 1.9807850122451782 -0.19134199619293213
0.0 1.9807850122451782 -0.19508999586105347
-0.03805999830365181 1.9807850122451782 -0.19134199619293213
-0.07465799897909164 1.9807850122451782 -0.18024000525474548
-0.10838600248098373 1.9807850122451782 -0.16221199929714203
-0.13795000314712524 1.9807850122451782 -0.13795000314712524
-0.16221199929714203 1.9807850122451782 -0.10838600248098373
-0.18024000525474548 1.9807850122451782 -0.07465799897909164
-0.19134199619293213 1.9807850122451782 -0.03805999830365181
-0.19508999586105347 1.9807850122451782 0.0
-0.19134199619293213 1.9807850122451782 0.03805999830365181
-0.18024000525474548 1.9807850122451782 0.07465799897909164
-0.16221199929714203 1.9807850122451782 0.10838600248098373
-0.13795000314712524 1.9807850122451782 0.13795000314712524
-0.10838600248098373 1.9807850122451782 0.16221199929714203
-0.07465799897909164 1.9807850122451782 0.18024000525474548
-0.03805999830365181 1.9807850122451782 0.19134199619293213
0.0 1.9238799810409546 0.38268300890922546
0.07465799897909164 1.9238799810409546 0.37533000111579895
0.14644700288772583 1.9238799810409546 0.35355299711227417
0.2126079946756363 1.9238799810409546 0.3181900084018707
0.27059799432754517 1.9238799810409546 0.27059799432754517
0.3181900084018707 1.9238799810409546 0.2126079946756363
0.35355299711227417 1.9238799810409546 0.14644700288772583
0.37533000111579895 1.9238799810409546 0.07465799897909164
0.38268300890922546 1.9238799810409546 0.0
0.37533000111579895 1.9238799810409546 -0.07465799897909164
0.35355299711227417 1.9238799810409546 -0.14644700288772583
0.3181900084018707 1.9238799810409546 -0.2126079946756363
0.27059799432754517 1.9238799810409546 -0.27059799432754517
0.2126079946756363 1.9238799810409546 -0.3181900084018707
0.14644700288772583 1.9238799810409546 -0.35355299711227417
0.07465799897909164 1.9238799810409546 -0.37533000111579895
0.0 1.9238799810409546 -0.38268300890922546
-0.07465799897909164 1.9238799810409546 -0.37533000111579895
-0.14644700288772583 1.9238799810409546 -0.35355299711227417
-0.2126079946756363 1.9238799810409546 -0.3181900084018707
-0.27059799432754517 1.9238799810409546 -0.27059799432754517
-0.3181900084018707 1.9238799810409546 -0.2126079946756363
-0.35355299711227417 1.9238799810409546 -0.14644700288772583
-0.37533000111579895 1.9238799810409546 -0.07465799897909164
-0.38268300890922546 1.9238799810409546 0.0
-0.37533000111579895 1.9238799810409546 0.07465799897909164
-0.35355299711227417 1.9238799810409546 0.14644700288772583
-0.3181900084018707 1.9238799810409546 0.2126079946756363
-0.27059799432754517 1.9238799810409546 0.27059799432754517
-0.2126079946756363 1.9238799810409546 0.3181900084018707
-0.14644700288772583 1.9238799810409546 0.35355299711227417
-0.07465799897909164 1.9238799810409546 0.37533000111579895
0.0 1.831470012664795 0.5555700063705444
0.10838600248098373 1.831470012664795 0.5448949933052063
0.2126079946756363 1.831470012664795 0.5132799744606018
0.30865800380706787 1.831470012664795 0.4619399905204773
0.3928470015525818 1.831470012664795 0.3928470015525818
0.4619399905204773 1.831470012664795 0.30865800380706787
0.5132799744606018 1.831470012664795 0.2126079946756363
0.5448949933052063 1.831470012664795 0.10838600248098373
0.5555700063705444 1.831470012664795 0.0
0.5448949933052063 1.831470012664795 -0.10838600248098373
0.5132799744606018 1.831470012664795 -0.2126079946756363
0.4619399905204773 1.831470012664795 -0.30865800380706787
0.3928470015525818 1.831470012664795 -0.3928470015525818
0.30865800380706787 1.831470012664795 -0.4619399905204773
0.2126079946756363 1.831470012664795 -0.5132799744606018
0.10838600248098373 1.831470012664795 -0.5448949933052063
0.0 1.831470012664795 -0.5555700063705444
-0.10838600248098373 1.831470012664795 -0.5448949933052063
-0.2126079946756363 1.831470012664795 -0.5132799744606018
-0.30865800380706787 1.831470012664795 -0.4619399905204773
-0.3928470015525818 1.831470012664795 -0.3928470015525818
-0.4619399905204773 1.831470012664795 -0.30865800380706787
-0.5132799744606018 1.831470012664795 -0.2126079946756363
-0.5448949933052063 1.831470012664795 -0.10838600248098373
-0.5555700063705444 1.831470012664795 0.0
-0.5448949933052063 1.831470012664795 0.10838600248098373
-0.5132799744606018 1.831470012664795 0.2126079946756363
-0.4619399905204773 1.831470012664795 0.30865800380706787
-0.3928470015525818 1.831470012664795 0.3928470015525818
-0.30865800380706787 1.831470012664795 0.4619399905204773
-0.2126079946756363 1.831470012664795 0.5132799744606018
-0.10838600248098373 1.831470012664795 0.5448949933052063
0.0 1.7071069478988647 0.7071070075035095
0.13795000314712524 1.7071069478988647 0.6935200095176697
0.27059799432754517 1.7071069478988647 0.6532809734344482
0.3928470015525818 1.7071069478988647 0.5879380106925964
0.5 1.7071069478988647 0.5
0.5879380106925964 1.7071069478988647 0.3928470015525818
0.6532809734344482 1.7071069478988647 0.27059799432754517
0.6935200095176697 1.7071069478988647 0.13795000314712524
0.7071070075035095 1.7071069478988647 0.0
0.6935200095176697 1.7071069478988647 -0.13795000314712524
0.6532809734344482 1.7071069478988647 -0.27059799432754517
0.5879380106925964 1.7071069478988647 -0.3928470015525818
0.5 1.7071069478988647 -0.5
0.3928470015525818 1.7071069478988647 -0.5879380106925964
0.27059799432754517 1.7071069478988647 -0.6532809734344482
0.13795000314712524 1.7071069478988647 -0.6935200095176697
0.0 1.7071069478988647 -0.7071070075035095
-0.13795000314712524 1.7071069478988647 -0.6935200095176697
-0.27059799432754517 1.7071069478988647 -0.6532809734344482
-0.3928470015525818 1.7071069478988647 -0.5879380106925964
-0.5 1.7071069478988647 -0.5
-0.5879380106925964 1.7071069478988647 -0.3928470015525818
-0.6532809734344482 1.7071069478988647 -0.27059799432754517
-0.6935200095176697 1.7071069478988647 -0.13795000314712524
-0.7071070075035095 1.7071069478988647 0.0
-0.6935200095176697 1.7071069478988647 0.13795000314712524
-0.6532809734344482 1.7071069478988647 0.27059799432754517
-0.5879380106925964 1.7071069478988647 0.3928470015525818
-0.5 1.7071069478988647 0.5
-0.3928470015525818 1.7071069478988647 0.5879380106925964
-0.27059799432754517 1.7071069478988647 0.6532809734344482
-0.13795000314712524 1.7071069478988647 0.6935200095176697
0.0 1.5555700063705444 0.8314700126647949
0.16221199929714203 1.5555700063705444 0.8154929876327515
0.3181900084018707 1.5555700063705444 0.7681779861450195
0.4619399905204773 1.5555700063705444 0.6913419961929321
0.5879380106925964 1.5555700063705444 0.5879380106925964
0.6913419961929321 1.5555700063705444 0.4619399905204773
0.7681779861450195 1.5555700063705444 0.3181900084018707
0.8154929876327515 1.5555700063705444 0.16221199929714203
0.8314700126647949 1.5555700063705444 0.0
0.8154929876327515 1.5555700063705444 -0.16221199929714203
0.7681779861450195 1.5555700063705444 -0.3181900084018707
0.6913419961929321 1.5555700063705444 -0.4619399905204773
0.5879380106925964 1.5555700063705444 -0.5879380106925964
0.4619399905204773 1.5555700063705444 -0.6913419961929321
0.3181900084018707 1.5555700063705444 -0.7681779861450195
0.16221199929714203 1.5555700063705444 -0.8154929876327515
0.0 1.5555700063705444 -0.8314700126647949
-0.16221199929714203 1.5555700063705444 -0.8154929876327515
-0.3181900084018707 1.5555700063705444 -0.7681779861450195
-0.4619399905204773 1.5555700063705444 -0.6913419961929321
-0.5879380106925964 1.5555700063705444 -0.5879380106925964
-0.6913419961929321 1.5555700063705444 -0.4619399905204773
-0.7681779861450195 1.5555700063705444 -0.3181900084018707
-0.8154929876327515 1.5555700063705444 -0.16221199929714203
-0.8314700126647949 1.5555700063705444 0.0
-0.8154929876327515 1.5555700063705444 0.16221199929714203
-0.7681779861450195 1.5555700063705444 0.3181900084018707
-0.6913419961929321 1.5555700063705444 0.4619399905204773
-0.5879380106925964 1.5555700063705444 0.5879380106925964
-0.4619399905204773 1.5555700063705444 0.6913419961929321
-0.3181900084018707 1.5555700063705444 0.7681779861450195
-0.16221199929714203 1.5555700063705444 0.8154929876327515
0.0 1.3826830387115479 0.9238799810409546
0.18024000525474548 1.3826830387115479 0.9061269760131836
0.35355299711227417 1.3826830387115479 0.8535529971122742
0.5132799744606018 1.3826830387115479 0.7681779861450195
0.6532809734344482 1.3826830387115479 0.6532809734344482
0.7681779861450195 1.3826830387115479 0.5132799744606018
0.8535529971122742 1.3826830387115479 0.35355299711227417
0.9061269760131836 1.3826830387115479 0.18024000525474548
0.9238799810409546 1.3826830387115479 0.0
0.9061269760131836 1.3826830387115479 -0.18024000525474548
0.8535529971122742 1.3826830387115479 -0.35355299711227417
0.7681779861450195 1.3826830387115479 -0.5132799744606018
0.6532809734344482 1.3826830387115479 -0.6532809734344482
0.5132799744606018 1.3826830387115479 -0.7681779861450195
0.35355299711227417 1.3826830387115479 -0.8535529971122742
0.18024000525474548 1.3826830387115479 -0.9061269760131836
0.0 1.3826830387115479 -0.9238799810409546
-0.18024000525474548 1.3826830387115479 -0.9061269760131836
-0.35355299711227417 1.3826830387115479 -0.8535529971122742
-0.5132799744606018 1.3826830387115479 -0.7681779861450195
-0.6532809734344482 1.3826830387115479 -0.6532809734344482
-0.7681779861450195 1.3826830387115479 -0.5132799744606018
-0.8535529971122742 1.3826830387115479 -0.35355299711227417
-0.9061269760131836 1.3826830387115479 -0.18024000525474548
-0.9238799810409546 1.3826830387115479 0.0
-0.9061269760131836 1.3826830387115479 0.18024000525474548
-0.8535529971122742 1.3826830387115479 0.35355299711227417
-0.7681779861450195 1.3826830387115479 0.5132799744606018
-0.6532809734344482 1.3826830387115479 0.6532809734344482
-0.5132799744606018 1.3826830387115479 0.7681779861450195
-0.35355299711227417 1.3826830387115479 0.8535529971122742
-0.18024000525474548 1.3826830387115479 0.9061269760131836
0.0 1.1950900554656982 0.9807850122451782
0.19134199619293213 1.1950900554656982 0.9619399905204773
0.37533000111579895 1.1950900554656982 0.9061269760131836
0.5448949933052063 1.1950900554656982 0.8154929876327515
0.6935200095176697 1.1950900554656982 0.6935200095176697
0.8154929876327515 1.1950900554656982 0.5448949933052063
0.9061269760131836 1.1950900554656982 0.37533000111579895
0.9619399905204773 1.1950900554656982 0.19134199619293213
0.9807850122451782 1.1950900554656982 0.0
0.9619399905204773 1.1950900554656982 -0.19134199619293213
0.9061269760131836 1.1950900554656982 -0.37533000111579895
0.8154929876327515 1.1950900554656982 -0.5448949933052063
0.6935200095176697 1.1950900554656982 -0.6935200095176697
0.5448949933052063 1.1950900554656982 -0.8154929876327515
0.37533000111579895 1.1950900554656982 -0.9061269760131836
0.19134199619293213 1.1950900554656982 -0.9619399905204773
0.0 1.1950900554656982 -0.9807850122451782
-0.19134199619293213 1.1950900554656982 -0.9619399905204773
-0.37533000111579895 1.1950900554656982 -0.9061269760131836
-0.5448949933052063 1.1950900554656982 -0.8154929876327515
-0.6935200095176697 1.1950900554656982 -0.6935200095176697
-0.8154929876327515 1.1950900554656982 -0.5448949933052063
-0.9061269760131836 1.1950900554656982 -0.37533000111579895
-0.9619399905204773 1.1950900554656982 -0.19134199619293213
-0.9807850122451782 1.1950900554656982 0.0
-0.9619399905204773 1.1950900554656982 0.19134199619293213
-0.9061269760131836 1.1950900554656982 0.37533000111579895
-0.8154929876327515 1.1950900554656982 0.5448949933052063
-0.6935200095176697 1.1950900554656982 0.6935200095176697
-0.5448949933052063 1.1950900554656982 0.8154929876327515
-0.37533000111579895 1.1950900554656982 0.9061269760131836
-0.19134199619293213 1.1950900554656982 0.9619399905204773
0.0 1.0 1.0
0.19508999586105347 1.0 0.9807850122451782
0.38268300890922546 1.0 0.9238799810409546
0.5555700063705444 1.0 0.8314700126647949
0.7071070075035095 1.0 0.7071070075035095
0.8314700126647949 1.0 0.5555700063705444
0.9238799810409546 1.0 0.38268300890922546
0.9807850122451782 1.0 0.19508999586105347
1.0 1.0 0.0
0.9807850122451782 1.0 -0.19508999586105347
0.9238799810409546 1.0 -0.38268300890922546
0.8314700126647949 1.0 -0.5555700063705444
0.7071070075035095 1.0 -0.7071070075035095
0.5555700063705444 1.0 -0.8314700126647949
0.38268300890922546 1.0 -0.9238799810409546
0.19508999586105347 1.0 -0.9807850122451782
0.0 1.0 -1.0
-0.19508999586105347 1.0 -0.9807850122451782
-0.38268300890922546 1.0 -0.9238799810409546
-0.5555700063705444 1.0 -0.8314700126647949
-0.7071070075035095 1.0 -0.7071070075035095
-0.8314700126647949 1.0 -0.5555700063705444
-0.9238799810409546 1.0 -0.38268300890922546
-0.9807850122451782 1.0 -0.19508999586105347
-1.0 1.0 0.0
-0.9807850122451782 1.0 0.19508999586105347
-0.9238799810409546 1.0 0.38268300890922546
-0.8314700126647949 1.0 0.5555700063705444
-0.7071070075035095 1.0 0.7071070075035095
-0.5555700063705444 1.0 0.8314700126647949
-0.38268300890922546 1.0 0.9238799810409546
-0.19508999586105347 1.0 0.9807850122451782
0.0 0.8049100041389465 0.9807850122451782
0.19134199619293213 0.8049100041389465 0.9619399905204773
0.37533000111579895 0.8049100041389465 0.9061269760131836
0.5448949933052063 0.8049100041389465 0.8154929876327515
0.6935200095176697 0.8049100041389465 0.6935200095176697
0.8154929876327515 0.8049100041389465 0.5448949933052063
0.9061269760131836 0.8049100041389465 0.37533000111579895
0.9619399905204773 0.8049100041389465 0.19134199619293213
0.9807850122451782 0.8049100041389465 0.0
0.9619399905204773 0.8049100041389465 -0.19134199619293213
0.9061269760131836 0.8049100041389465 -0.37533000111579895
0.8154929876327515 0.8049100041389465 -0.5448949933052063
0.6935200095176697 0.8049100041389465 -0.6935200095176697
0.5448949933052063 0.8049100041389465 -0.8154929876327515
0.37533000111579895 0.8049100041389465 -0.9061269760131836
0.19134199619293213 0.8049100041389465 -0.9619399905204773
0.0 0.8049100041389465 -0.9807850122451782
-0.19134199619293213 0.8049100041389465 -0.9619399905204773
-0.37533000111579895 0.8049100041389465 -0.9061269760131836
-0.5448949933052063 0.8049100041389465 -0.8154929876327515
-0.6935200095176697 0.8049100041389465 -0.6935200095176697
-0.8154929876327515 0.8049100041389465 -0.5448949933052063
-0.9061269760131836 0.8049100041389465 -0.37533000111579895
-0.9619399905204773 0.8049100041389465 -0.19134199619293213
-0.9807850122451782 0.8049100041389465 0.0
-0.9619399905204773 0.8049100041389465 0.19134199619293213
-0.9061269760131836 0.8049100041389465 0.37533000111579895
-0.8154929876327515 0.8049100041389465 0.5448949933052063
-0.6935200095176697 0.8049100041389465 0.6935200095176697
-0.5448949933052063 0.8049100041389465 0.8154929876327515
-0.37533000111579895 0.8049100041389465 0.9061269760131836
-0.19134199619293213 0.8049100041389465 0.9619399905204773
0.0 0.6173170208930969 0.9238799810409546
0.18024000525474548 0.6173170208930969 0.9061269760131836
0.35355299711227417 0.6173170208930969 0.8535529971122742
0.5132799744606018 0.6173170208930969 0.7681779861450195
0.6532809734344482 0.6173170208930969 0.6532809734344482
0.7681779861450195 0.6173170208930969 0.5132799744606018
0.8535529971122742 0.6173170208930969 0.35355299711227417
0.9061269760131836 0.6173170208930969 0.18024000525474548
0.9238799810409546 0.6173170208930969 0.0
0.9061269760131836 0.6173170208930969 -0.18024000525474548
0.8535529971122742 0.6173170208930969 -0.35355299711227417
0.7681779861450195 0.6173170208930969 -0.5132799744606018
0.6532809734344482 0.6173170208930969 -0.6532809734344482
0.5132799744606018 0.6173170208930969 -0.7681779861450195
0.35355299711227417 0.6173170208930969 -0.8535529971122742
0.18024000525474548 0.6173170208930969 -0.9061269760131836
0.0 0.6173170208930969 -0.9238799810409546
-0.18024000525474548 0.6173170208930969 -0.9061269760131836
-0.35355299711227417 0.6173170208930969 -0.8535529971122742
-0.5132799744606018 0.6173170208930969 -0.7681779861450195
-0.6532809734344482 0.6173170208930969 -0.6532809734344482
-0.7681779861450195 0.6173170208930969 -0.5132799744606018
-0.8535529971122742 0.6173170208930969 -0.35355299711227417
-0.9061269760131836 0.6173170208930969 -0.18024000525474548
-0.9238799810409546 0.6173170208930969 0.0
-0.9061269760131836 0.6173170208930969 0.18024000525474548
-0.8535529971122742 0.6173170208930969 0.35355299711227417
-0.7681779861450195 0.6173170208930969 0.5132799744606018
-0.6532809734344482 0.6173170208930969 0.6532809734344482
-0.5132799744606018 0.6173170208930969 0.7681779861450195
-0.35355299711227417 0.6173170208930969 0.8535529971122742
-0.18024000525474548 0.6173170208930969 0.9061269760131836
0.0 0.44442999362945557 0.8314700126647949
0.16221199929714203 0.44442999362945557 0.8154929876327515
0.3181900084018707 0.44442999362945557 0.7681779861450195
0.4619399905204773 0.44442999362945557 0.6913419961929321
0.5879380106925964 0.44442999362945557 0.5879380106925964
0.6913419961929321 0.44442999362945557 0.4619399905204773
0.7681779861450195 0.44442999362945557 0.3181900084018707
0.8154929876327515 0.44442999362945557 0.16221199929714203
0.8314700126647949 0.44442999362945557 0.0
0.8154929876327515 0.44442999362945557 -0.16221199929714203
0.7681779861450195 0.44442999362945557 -0.3181900084018707
0.6913419961929321 0.44442999362945557 -0.4619399905204773
0.5879380106925964 0.44442999362945557 -0.5879380106925964
0.4619399905204773 0.44442999362945557 -0.6913419961929321
0.3181900084018707 0.44442999362945557 -0.7681779861450195
0.16221199929714203 0.44442999362945557 -0.8154929876327515
0.0 0.44442999362945557 -0.8314700126647949
-0.16221199929714203 0.44442999362945557 -0.8154929876327515
-0.3181900084018707 0.44442999362945557 -0.7681779861450195
-0.4619399905204773 0.44442999362945557 -0.6913419961929321
-0.5879380106925964 0.44442999362945557 -0.5879380106925964
-0.6913419961929321 0.44442999362945557 -0.4619399905204773
-0.7681779861450195 0.44442999362945557 -0.3181900084018707
-0.8154929876327515 0.44442999362945557 -0.16221199929714203
-0.8314700126647949 0.44442999362945557 0.0
-0.8154929876327515 0.44442999362945557 0.16221199929714203
-0.7681779861450195 0.44442999362945557 0.3181900084018707
-0.6913419961929321 0.44442999362945557 0.4619399905204773
-0.5879380106925964 0.44442999362945557 0.5879380106925964
-0.4619399905204773 0.44442999362945557 0.6913419961929321
-0.3181900084018707 0.44442999362945557 0.7681779861450195
-0.16221199929714203 0.44442999362945557 0.8154929876327515
0.0 0.2928929924964905 0.7071070075035095
0.13795000314712524 0.2928929924964905 0.6935200095176697
0.27059799432754517 0.2928929924964905 0.6532809734344482
0.3928470015525818 0.2928929924964905 0.5879380106925964
0.5 0.2928929924964905 0.5
0.5879380106925964 0.2928929924964905 0.3928470015525818
0.6532809734344482 0.2928929924964905 0.27059799432754517
0.6935200095176697 0.2928929924964905 0.13795000314712524
0.7071070075035095 0.2928929924964905 0.0
0.6935200095176697 0.2928929924964905 -0.13795000314712524
0.6532809734344482 0.2928929924964905 -0.27059799432754517
0.5879380106925964 0.2928929924964905 -0.3928470015525818
0.5 0.2928929924964905 -0.5
0.3928470015525818 0.2928929924964905 -0.5879380106925964
0.27059799432754517 0.2928929924964905 -0.6532809734344482
0.13795000314712524 0.2928929924964905 -0.6935200095176697
0.0 0.2928929924964905 -0.7071070075035095
-0.13795000314712524 0.2928929924964905 -0.6935200095176697
-0.27059799432754517 0.2928929924964905 -0.6532809734344482
-0.3928470015525818 0.2928929924964905 -0.5879380106925964
-0.5 0.2928929924964905 -0.5
-0.5879380106925964 0.2928929924964905 -0.3928470015525818
-0.6532809734344482 0.2928929924964905 -0.27059799432754517
-0.6935200095176697 0.2928929924964905 -0.13795000314712524
-0.7071070075035095 0.2928929924964905 0.0
-0.6935200095176697 0.2928929924964905 0.13795000314712524
-0.6532809734344482 0.2928929924964905 0.27059799432754517
-0.5879380106925964 0.2928929924964905 0.3928470015525818
-0.5 0.2928929924964905 0.5
-0.3928470015525818 0.2928929924964905 0.5879380106925964
-0.27059799432754517 0.2928929924964905 0.6532809734344482
-0.13795000314712524 0.2928929924964905 0.6935200095176697
0.0 0.16853000223636627 0.5555700063705444
0.10838600248098373 0.16853000223636627 0.5448949933052063
0.2126079946756363 0.16853000223636627 0.5132799744606018
0.30865800380706787 0.16853000223636627 0.4619399905204773
0.3928470015525818 0.16853000223636627 0.3928470015525818
0.4619399905204773 0.16853000223636627 0.30865800380706787
0.5132799744606018 0.16853000223636627 0.2126079946756363
0.5448949933052063 0.16853000223636627 0.10838600248098373
0.5555700063705444 0.16853000223636627 0.0
0.5448949933052063 0.16853000223636627 -0.10838600248098373
0.5132799744606018 0.16853000223636627 -0.2126079946756363
0.4619399905204773 0.16853000223636627 -0.30865800380706787
0.3928470015525818 0.16853000223636627 -0.3928470015525818
0.30865800380706787 0.16853000223636627 -0.4619399905204773
0.2126079946756363 0.16853000223636627 -0.5132799744606018
0.10838600248098373 0.16853000223636627 -0.5448949933052063
0.0 0.16853000223636627 -0.5555700063705444
-0.10838600248098373 0.16853000223636627 -0.5448949933052063
-0.2126079946756363 0.16853000223636627 -0.5132799744606018
-0.30865800380706787 0.16853000223636627 -0.4619399905204773
-0.3928470015525818 0.16853000223636627 -0.3928470015525818
-0.4619399905204773 0.16853000223636627 -0.30865800380706787
-0.5132799744606018 0.16853000223636627 -0.2126079946756363
-0.5448949933052063 0.16853000223636627 -0.10838600248098373
-0.5555700063705444 0.16853000223636627 0.0
-0.5448949933052063 0.16853000223636627 0.10838600248098373
-0.5132799744606018 0.16853000223636627 0.2126079946756363
-0.4619399905204773 0.16853000223636627 0.30865800380706787
-0.3928470015525818 0.16853000223636627 0.3928470015525818
-0.30865800380706787 0.16853000223636627 0.4619399905204773
-0.2126079946756363 0.16853000223636627 0.5132799744606018
-0.10838600248098373 0.16853000223636627 0.5448949933052063
0.0 0.07611999660730362 0.38268300890922546
0.07465799897909164 0.07611999660730362 0.37533000111579895
0.14644700288772583 0.07611999660730362 0.35355299711227417
0.2126079946756363 0.07611999660730362 0.3181900084018707
0.27059799432754517 0.07611999660730362 0.27059799432754517
0.3181900084018707 0.07611999660730362 0.2126079946756363
0.35355299711227417 0.07611999660730362 0.14644700288772583
0.37533000111579895 0.07611999660730362 0.07465799897909164
0.38268300890922546 0.07611999660730362 0.0
0.37533000111579895 0.07611999660730362 -0.07465799897909164
0.35355299711227417 0.07611999660730362 -0.14644700288772583
0.3181900084018707 0.07611999660730362 -0.2126079946756363
0.27059799432754517 0.07611999660730362 -0.27059799432754517
0.2126079946756363 0.07611999660730362 -0.3181900084018707
0.14644700288772583 0.07611999660730362 -0.35355299711227417
0.07465799897909164 0.07611999660730362 -0.37533000111579895
0.0 0.07611999660730362 -0.38268300890922546
-0.07465799897909164 0.07611999660730362 -0.37533000111579895
-0.14644700288772583 0.07611999660730362 -0.35355299711227417
-0.2126079946756363 0.07611999660730362 -0.3181900084018707
-0.27059799432754517 0.07611999660730362 -0.27059799432754517
-0.3181900084018707 0.07611999660730362 -0.2126079946756363
-0.35355299711227417 0.07611999660730362 -0.14644700288772583
-0.37533000111579895 0.07611999660730362 -0.07465799897909164
-0.38268300890922546 0.07611999660730362 0.0
-0.37533000111579895 0.07611999660730362 0.07465799897909164
-0.35355299711227417 0.07611999660730362 0.14644700288772583
-0.3181900084018707 0.07611999660730362 0.2126079946756363
-0.27059799432754517 0.07611999660730362 0.27059799432754517
-0.2126079946756363 0.07611999660730362 0.3181900084018707
-0.14644700288772583 0.07611999660730362 0.35355299711227417
-0.07465799897909164 0.07611999660730362 0.37533000111579895
0.0 0.019215000793337822 0.19508999586105347
0.03805999830365181 0.019215000793337822 0.19134199619293213
0.07465799897909164 0.019215000793337822 0.18024000525474548
0.10838600248098373 0.019215000793337822 0.16221199929714203
0.13795000314712524 0.019215000793337822 0.13795000314712524
0.16221199929714203 0.019215000793337822 0.10838600248098373
0.18024000525474548 0.019215000793337822 0.07465799897909164
0.19134199619293213 0.019215000793337822 0.03805999830365181
0.19508999586105347 0.019215000793337822 0.0
0.19134199619293213 0.019215000793337822 -0.03805999830365181
0.18024000525474548 0.019215000793337822 -0.07465799897909164
0.16221199929714203 0.019215000793337822 -0.10838600248098373
0.13795000314712524 0.019215000793337822 -0.13795000314712524
0.10838600248098373 0.019215000793337822 -0.16221199929714203
0.07465799897909164 0.019215000793337822 -0.18024000525474548
0.03805999830365181 0.019215000793337822 -0.19134199619293213
0.0 0.019215000793337822 -0.19508999586105347
-0.03805999830365181 0.019215000793337822 -0.19134199619293213
-0.07465799897909164 0.019215000793337822 -0.18024000525474548
-0.10838600248098373 0.019215000793337822 -0.16221199929714203
-0.13795000314712524 0.019215000793337822 -0.13795000314712524
-0.16221199929714203 0.019215000793337822 -0.10838600248098373
-0.18024000525474548 0.019215000793337822 -0.07465799897909164
-0.19134199619293213 0.019215000793337822 -0.03805999830365181
-0.19508999586105347 0.019215000793337822 0.0
-0.19134199619293213 0.019215000793337822 0.03805999830365181
-0.18024000525474548 0.019215000793337822 0.07465799897909164
-0.16221199929714203 0.019215000793337822 0.10838600248098373
-0.13795000314712524 0.019215000793337822 0.13795000314712524
-0.10838600248098373 0.019215000793337822 0.16221199929714203
-0.07465799897909164 0.019215000793337822 0.18024000525474548
-0.03805999830365181 0.019215000793337822 0.19134199619293213
0.0 0.0 0.0
3 3 3 3 3 3 3 3 3 3 3 3 3 3 3 3 3 3 3 3 3 3 3 3 3 3 3 3 3 3 3 3 4 4 4 4 4 4 4 4 4 4 4 4 4 4 4 4 4 4 4 4 4 4 4 4 4 4 4 4 4 4 4 4 4 4 4 4 4 4 4 4 4 4 4 4 4 4 4 4 4 4 4 4 4 4 4 4 4 4 4 4 4 4 4 4 4 4 4 4 4 4 4 4 4 4 4 4 4 4 4 4 4 4 4 4 4 4 4 4 4 4 4 4 4 4 4 4 4 4 4 4 4 4 4 4 4 4 4 4 4 4 4 4 4 4 4 4 4 4 4 4 4 4 4 4 4 4 4 4 4 4 4 4 4 4 4 4 4 4 4 4 4 4 4 4 4 4 4 4 4 4 4 4 4 4 4 4 4 4 4 4 4 4 4 4 4 4 4 4 4 4 4 4 4 4 4 4 4 4 4 4 4 4 4 4 4 4 4 4 4 4 4 4 4 4 4 4 4 4 4 4 4 4 4 4 4 4 4 4 4 4 4 4 4 4 4 4 4 4 4 4 4 4 4 4 4 4 4 4 4 4 4 4 4 4 4 4 4 4 4 4 4 4 4 4 4 4 4 4 4 4 4 4 4 4 4 4 4 4 4 4 4 4 4 4 4 4 4 4 4 4 4 4 4 4 4 4 4 4 4 4 4 4 4 4 4 4 4 4 4 4 4 4 4 4 4 4 4 4 4 4 4 4 4 4 4 4 4 4 4 4 4 4 4 4 4 4 4 4 4 4 4 4 4 4 4 4 4 4 4 4 4 4 4 4 4 4 4 4 4 4 4 4 4 4 4 4 4 4 4 4 4 4 4 4 4 4 4 4 4 4 4 4 4 4 4 4 4 4 4 4 4 4 4 4 4 4 4 4 4 4 4 4 4 4 4 4 4 4 4 4 4 4 4 4 4 4 4 4 4 4 4 4 4 4 4 4 4 4 4 4 4 4 4 4 4 4 4 4 4 4 4 4 4 4 4 4 4 4 4 4 4 4 4 4 4 4 4 4 4 4 4 4 4 4 4 4 4 4 3 3 3 3 3 3 3 3 3 3 3 3 3 3 3 3 3 3 3 3 3 3 3 3 3 3 3 3 3 3 3 3
1 2 0 2 3 0 3 4 0 4 5 0 5 6 0 6 7 0 7 8 0 8 9 0 9 10 0 10 11 0 11 12 0 12 13 0 13 14 0 14 15 0 15 16 0 16 17 0 17 18 0 18 19 0 19 20 0 20 21 0 21 22 0 22 23 0 23 24 0 24 25 0 25 26 0 26 27 0 27 28 0 28 29 0 29 30 0 30 31 0 31 32 0 32 1 0 33 34 2 1 34 35 3 2 35 36 4 3 36 37 5 4 37 38 6 5 38 39 7 6 39 40 8 7 40 41 9 8 41 42 10 9 42 43 11 10 43 44 12 11 44 45 13 12 45 46 14 13 46 47 15 14 47 48 16 15 48 49 17 16 49 50 18 17 50 51 19 18 51 52 20 19 52 53 21 20 53 54 22 21 54 55 23 22 55 56 24 23 56 57 25 24 57 58 26 25 58 59 27 26 59 60 28 27 60 61 29 28 61 62 30 29 62 63 31 30 63 64 32 31 64 33 1 32 65 66 34 33 66 67 35 34 67 68 36 35 68 69 37 36 69 70 38 37 70 71 39 38 71 72 40 39 72 73 41 40 73 74 42 41 74 75 43 42 75 76 44 43 76 77 45 44 77 78 46 45 78 79 47 46 79 80 48 47 80 81 49 48 81 82 50 49 82 83 51 50 83 84 52 51 84 85 53 52 85 86 54 53 86 87 55 54 87 88 56 55 88 89 57 56 89 90 58 57 90 91 59 58 91 92 60 59 92 93 61 60 93 94 62 61 94 95 63 62 95 96 64 63 96 65 33 64 97 98 66 65 98 99 67 66 99 100 68 67 100 101 69 68 101 102 70 69 102 103 71 70 103 104 72 71 104 105 73 72 105 106 74 73 106 107 75 74 107 108 76 75 108 109 77 76 109 110 78 77 110 111 79 78 111 112 80 79 112 113 81 80 113 114 82 81 114 115 83 82 115 116 84 83 116 117 85 84 117 118 86 85 118 119 87 86 119 120 88 87 120 121 89 88 121 122 90 89 122 123 91 90 123 124 92 91 124 125 93 92 125 126 94 93 126 127 95 94 127 128 96 95 128 97 65 96 129 130 98 97 130 131 99 98 131 132 100 99 132 133 101 100 133 134 102 101 134 135 103 102 135 136 104 103 136 137 105 104 137 138 106 105 138 139 107 106 139 140 108 107 140 141 109 108 141 142 110 109 142 143 111 110 143 144 112 111 144 145 113 112 145 146 114 113 146 147 115 114 147 148 116 115 148 149 117 116 149 150 118 117 150 151 119 118 151 152 120 119 152 153 121 120 153 154 122 121 154 155 123 122 155 156 124 123 156 157 125 124 157 158 126 125 158 159 127 126 159 160 128 127 160 129 97 128 161 162 130 129 162 163 131 130 163 164 132 131 164 165 133 132 165 166 134 133 166 167 135 134 167 168 136 135 168 169 137 136 169 170 138 137 170 171 139 138 171 172 140 139 172 173 141 140 173 174 142 141 174 175 143 142 175 176 144 143 176 177 145 144 177 178 146 145 178 179 147 146 179 180 148 147 180 181 149 148 181 182 150 149 182 183 151 150 183 184 152 151 184 185 153 152 185 186 154 153 186 187 155 154 187 188 156 155 188 189 157 156 189 190 158 157 190 191 159 158 191 192 160 159 192 161 129 160 193 194 162 161 194 195 163 162 195 196 164 163 196 197 165 164 197 198 166 165 198 199 167 166 199 200 168 167 200 201 169 168 201 202 170 169 202 203 171 170 203 204 172 171 204 205 173 172 205 206 174 173 206 207 175 174 207 208 176 175 208 209 177 176 209 210 178 177 210 211 179 178 211 212 180 179 212 213 181 180 213 214 182 181 214 215 183 182 215 216 184 183 216 217 185 184 217 218 186 185 218 219 187 186 219 220 188 187 220 221 189 188 221 222 190 189 222 223 191 190 223 224 192 191 224 193 161 192 225 226 194 193 226 227 195 194 227 228 196 195 228 229 197 196 229 230 198 197 230 231 199 198 231 232 200 199 232 233 201 200 233 234 202 201 234 235 203 202 235 236 204 203 236 237 205 204 237 238 206 205 238 239 207 206 239 240 208 207 240 241 209 208 241 242 210 209 242 243 211 210 243 244 212 211 244 245 213 212 245 246 214 213 246 247 215 214 247 248 216 215 248 249 217 216 249 250 218 217 250 251 219 218 251 252 220 219 252 253 221 220 253 254 222 221 254 255 223 222 255 256 224 223 256 225 193 224 257 258 226 225 258 259 227 226 259 260 228 227 260 261 229 228 261 262 230 229 262 263 231 230 263 264 232 231 264 265 233 232 265 266 234 233 266 267 235 234 267 268 236 235 268 269 237 236 269 270 238 237 270 271 239 238 271 272 240 239 272 273 241 240 273 274 242 241 274 275 243 242 275 276 244 243 276 277 245 244 277 278 246 245 278 279 247 246 279 280 248 247 280 281 249 248 281 282 250 249 282 283 251 250 283 284 252 251 284 285 253 252 285 286 254 253 286 287 255 254 287 288 256 255 288 257 225 256 289 290 258 257 290 291 259 258 291 292 260 259 292 293 261 260 293 294 262 261 294 295 263 262 295 296 264 263 296 297 265 264 297 298 266 265 298 299 267 266 299 300 268 267 300 301 269 268 301 302 270 269 302 303 271 270 303 304 272 271 304 305 273 272 305 306 274 273 306 307 275 274 307 308 276 275 308 309 277 276 309 310 278 277 310 311 279 278 311 312 280 279 312 313 281 280 313 314 282 281 314 315 283 282 315 316 284 283 316 317 285 284 317 318 286 285 318 319 287 286 319 320 288 287 320 289 257 288 321 322 290 289 322 323 291 290 323 324 292 291 324 325 293 292 325 326 294 293 326 327 295 294 327 328 296 295 328 329 297 296 329 330 298 297 330 331 299 298 331 332 300 299 332 333 301 300 333 334 302 301 334 335 303 302 335 336 304 303 336 337 305 304 337 338 306 305 338 339 307 306 339 340 308 307 340 341 309 308 341 342 310 309 342 343 311 310 343 344 312 311 344 345 313 312 345 346 314 313 346 347 315 314 347 348 316 315 348 349 317 316 349 350 318 317 350 351 319 318 351 352 320 319 352 321 289 320 353 354 322 321 354 355 323 322 355 356 324 323 356 357 325 324 357 358 326 325 358 359 327 326 359 360 328 327 360 361 329 328 361 362 330 329 362 363 331 330 363 364 332 331 364 365 333 332 365 366 334 333 366 367 335 334 367 368 336 335 368 369 337 336 369 370 338 337 370 371 339 338 371 372 340 339 372 373 341 340 373 374 342 341 374 375 343 342 375 376 344 343 376 377 345 344 377 378 346 345 378 379 347 346 379 380 348 347 380 381 349 348 381 382 350 349 382 383 351 350 383 384 352 351 384 353 321 352 385 386 354 353 386 387 355 354 387 388 356 355 388 389 357 356 389 390 358 357 390 391 359 358 391 392 360 359 392 393 361 360 393 394 362 361 394 395 363 362 395 396 364 363 396 397 365 364 397 398 366 365 398 399 367 366 399 400 368 367 400 401 369 368 401 402 370 369 402 403 371 370 403 404 372 371 404 405 373 372 405 406 374 373 406 407 375 374 407 408 376 375 408 409 377 376 409 410 378 377 410 411 379 378 411 412 380 379 412 413 381 380 413 414 382 381 414 415 383 382 415 416 384 383 416 385 353 384 417 418 386 385 418 419 387 386 419 420 388 387 420 421 389 388 421 422 390 389 422 423 391 390 423 424 392 391 424 425 393 392 425 426 394 393 426 427 395 394 427 428 396 395 428 429 397 396 429 430 398 397 430 431 399 398 431 432 400 399 432 433 401 400 433 434 402 401 434 435 403 402 435 436 404 403 436 437 405 404 437 438 406 405 438 439 407 406 439 440 408 407 440 441 409 408 441 442 410 409 442 443 411 410 443 444 412 411 444 445 413 412 445 446 414 413 446 447 415 414 447 448 416 415 448 417 385 416 449 450 418 417 450 451 419 418 451 452 420 419 452 453 421 420 453 454 422 421 454 455 423 422 455 456 424 423 456 457 425 424 457 458 426 425 458 459 427 426 459 460 428 427 460 461 429 428 461 462 430 429 462 463 431 430 463 464 432 431 464 465 433 432 465 466 434 433 466 467 435 434 467 468 436 435 468 469 437 436 469 470 438 437 470 471 439 438 471 472 440 439 472 473 441 440 473 474 442 441 474 475 443 442 475 476 444 443 476 477 445 444 477 478 446 445 478 479 447 446 479 480 448 447 480 449 417 448 481 450 449 481 451 450 481 452 451 481 453 452 481 454 453 481 455 454 481 456 455 481 457 456 481 458 457 481 459 458 481 460 459 481 461 460 481 462 461 481 463 462 481 464 463 481 465 464 481 466 465 481 467 466 481 468 467 481 469 468 481 470 469 481 471 470 481 472 471 481 473 472 481 474 473 481 475 474 481 476 475 481 477 476 481 478 477 481 479 478 481 480 479 481 449 480
0.515625 1.0
0.53125 0.9375
0.5 0.9375
0.546875 1.0
0.5625 0.9375
0.53125 0.9375
0.578125 1.0
0.59375 0.9375
0.5625 0.9375
0.609375 1.0
0.625 0.9375
0.59375 0.9375
0.640625 1.0
0.65625 0.9375
0.625 0.9375
0.671875 1.0
0.6875 0.9375
0.65625 0.9375
0.703125 1.0
0.71875 0.9375
0.6875 0.9375
0.734375 1.0
0.75 0.9375
0.71875 0.9375
0.765625 1.0
0.78125 0.9375
0.75 0.9375
0.796875 1.0
0.8125 0.9375
0.78125 0.9375
0.828125 1.0
0.84375 0.9375
0.8125 0.9375
0.859375 1.0
0.875 0.9375
0.84375 0.9375
0.890625 1.0
0.90625 0.9375
0.875 0.9375
0.921875 1.0
0.9375 0.9375
0.90625 0.9375
0.953125 1.0
0.96875 0.9375
0.9375 0.9375
0.984375 1.0
1.0 0.9375
0.96875 0.9375
1.015625 1.0
1.03125 0.9375
1.0 0.9375
1.046875 1.0
1.0625 0.9375
1.03125 0.9375
1.078125 1.0
1.09375 0.9375
1.0625 0.9375
1.109375 1.0
1.125 0.9375
1.09375 0.9375
1.140625 1.0
1.15625 0.9375
1.125 0.9375
1.171875 1.0
1.1875 0.9375
1.15625 0.9375
1.203125 1.0
1.21875 0.9375
1.1875 0.9375
1.234375 1.0
1.25 0.9375
1.21875 0.9375
1.265625 1.0
1.28125 0.9375
1.25 0.9375
1.296875 1.0
1.3125 0.9375
1.28125 0.9375
1.328125 1.0
1.34375 0.9375
1.3125 0.9375
1.359375 1.0
1.375 0.9375
1.34375 0.9375
1.390625 1.0
1.40625 0.9375
1.375 0.9375
1.421875 1.0
1.4375 0.9375
1.40625 0.9375
1.453125 1.0
1.46875 0.9375
1.4375 0.9375
1.484375 1.0
1.5 0.9375
1.46875 0.9375
0.5 0.9375
0.53125 0.9375
0.53125 0.875
0.5 0.875
0.53125 0.9375
0.5625 0.9375
0.5625 0.875
0.53125 0.875
0.5625 0.9375
0.59375 0.9375
0.59375 0.875
0.5625 0.875
0.59375 0.9375
0.625 0.9375
0.625 0.875
0.59375 0.875
0.625 0.9375
0.65625 0.9375
0.65625 0.875
0.625 0.875
0.65625 0.9375
0.6875 0.9375
0.6875 0.875
0.65625 0.875
0.6875 0.9375
0.71875 0.9375
0.71875 0.875
0.6875 0.875
0.71875 0.9375
0.75 0.9375
0.75 0.875
0.71875 0.875
0.75 0.9375
0.78125 0.9375
0.78125 0.875
0.75 0.875
0.78125 0.9375
0.8125 0.9375
0.8125 0.875
0.78125 0.875
0.8125 0.9375
0.84375 0.9375
0.84375 0.875
0.8125 0.875
0.84375 0.9375
0.875 0.9375
0.875 0.875
0.84375 0.875
0.875 0.9375
0.90625 0.9375
0.90625 0.875
0.875 0.875
0.90625 0.9375
0.9375 0.9375
0.9375 0.875
0.90625 0.875
0.9375 0.9375
0.96875 0.9375
0.96875 0.875
0.9375 0.875
0.96875 0.9375
1.0 0.9375
1.0 0.875
0.96875 0.875
1.0 0.9375
1.03125 0.9375
1.03125 0.875
1.0 0.875
1.03125 0.9375
1.0625 0.9375
1.0625 0.875
1.03125 0.875
1.0625 0.9375
1.09375 0.9375
1.09375 0.875
1.0625 0.875
1.09375 0.9375
1.125 0.9375
1.125 0.875
1.09375 0.875
1.125 0.9375
1.15625 0.9375
1.15625 0.875
1.125 0.875
1.15625 0.9375
1.1875 0.9375
1.1875 0.875
1.15625 0.875
1.1875 0.9375
1.21875 0.9375
1.21875 0.875
1.1875 0.875
1.21875 0.9375
1.25 0.9375
1.25 0.875
1.21875 0.875
1.25 0.9375
1.28125 0.9375
1.28125 0.875
1.25 0.875
1.28125 0.9375
1.3125 0.9375
1.3125 0.875
1.28125 0.875
1.3125 0.9375
1.34375 0.9375
1.34375 0.875
1.3125 0.875
1.34375 0.9375
1.375 0.9375
1.375 0.875
1.34375 0.875
1.375 0.9375
1.40625 0.9375
1.40625 0.875
1.375 0.875
1.40625 0.9375
1.4375 0.9375
1.4375 0.875
1.40625 0.875
1.4375 0.9375
1.46875 0.9375
1.46875 0.875
1.4375 0.875
1.46875 0.9375
1.5 0.9375
1.5 0.875
1.46875 0.875
0.5 0.875
0.53125 0.875
0.53125 0.8125
0.5 0.8125
0.53125 0.875
0.5625 0.875
0.5625 0.8125
0.53125 0.8125
0.5625 0.875
0.59375 0.875
0.59375 0.8125
0.5625 0.8125
0.59375 0.875
0.625 0.875
0.625 0.8125
0.59375 0.8125
0.625 0.875
0.65625 0.875
0.65625 0.8125
0.625 0.8125
0.65625 0.875
0.6875 0.875
0.6875 0.8125
0.65625 0.8125
0.6875 0.875
0.71875 0.875
0.71875 0.8125
0.6875 0.8125
0.71875 0.875
0.75 0.875
0.75 0.8125
0.71875 0.8125
0.75 0.875
0.78125 0.875
0.78125 0.8125
0.75 0.8125
0.78125 0.875
0.8125 0.875
0.8125 0.8125
0.78125 0.8125
0.8125 0.875
0.84375 0.875
0.84375 0.8125
0.8125 0.8125
0.84375 0.875
0.875 0.875
0.875 0.8125
0.84375 0.8125
0.875 0.875
0.90625 0.875
0.90625 0.8125
0.875 0.8125
0.90625 0.875
0.9375 0.875
0.9375 0.8125
0.90625 0.8125
0.9375 0.875
0.96875 0.875
0.96875 0.8125
0.9375 0.8125
0.96875 0.875
1.0 0.875
1.0 0.8125
0.96875 0.8125
1.0 0.875
1.03125 0.875
1.03125 0.8125
1.0 0.8125
1.03125 0.875
1.0625 0.875
1.0625 0.8125
1.03125 0.8125
1.0625 0.875
1.09375 0.875
1.09375 0.8125
1.0625 0.8125
1.09375 0.875
1.125 0.875
1.125 0.8125
1.09375 0.8125
1.125 0.875
1.15625 0.875
1.15625 0.8125
1.125 0.8125
1.15625 0.875
1.1875 0.875
1.1875 0.8125
1.15625 0.8125
1.1875 0.875
1.21875 0.875
1.21875 0.8125
1.1875 0.8125
1.21875 0.875
1.25 0.875
1.25 0.8125
1.21875 0.8125
1.25 0.875
1.28125 0.875
1.28125 0.8125
1.25 0.8125
1.28125 0.875
1.3125 0.875
1.3125 0.8125
1.28125 0.8125
1.3125 0.875
1.34375 0.875
1.34375 0.8125
1.3125 0.8125
1.34375 0.875
1.375 0.875
1.375 0.8125
1.34375 0.8125
1.375 0.875
1.40625 0.875
1.40625 0.8125
1.375 0.8125
1.40625 0.875
1.4375 0.875
1.4375 0.8125
1.40625 0.8125
1.4375 0.875
1.46875 0.875
1.46875 0.8125
1.4375 0.8125
1.46875 0.875
1.5 0.875
1.5 0.8125
1.46875 0.8125
0.5 0.8125
0.53125 0.8125
0.53125 0.75
0.5 0.75
0.53125 0.8125
0.5625 0.8125
0.5625 0.75
0.53125 0.75
0.5625 0.8125
0.59375 0.8125
0.59375 0.75
0.5625 0.75
0.59375 0.8125
0.625 0.8125
0.625 0.75
0.59375 0.75
0.625 0.8125
0.65625 0.8125
0.65625 0.75
0.625 0.75
0.65625 0.8125
0.6875 0.8125
0.6875 0.75
0.65625 0.75
0.6875 0.8125
0.71875 0.8125
0.71875 0.75
0.6875 0.75
0.71875 0.8125
0.75 0.8125
0.75 0.75
0.71875 0.75
0.75 0.8125
0.78125 0.8125
0.78125 0.75
0.75 0.75
0.78125 0.8125
0.8125 0.8125
0.8125 0.75
0.78125 0.75
0.8125 0.8125
0.84375 0.8125
0.84375 0.75
0.8125 0.75
0.84375 0.8125
0.875 0.8125
0.875 0.75
0.84375 0.75
0.875 0.8125
0.90625 0.8125
0.90625 0.75
0.875 0.75
0.90625 0.8125
0.9375 0.8125
0.9375 0.75
0.90625 0.75
0.9375 0.8125
0.96875 0.8125
0.96875 0.75
0.9375 0.75
0.96875 0.8125
1.0 0.8125
1.0 0.75
0.96875 0.75
1.0 0.8125
1.03125 0.8125
1.03125 0.75
1.0 0.75
1.03125 0.8125
1.0625 0.8125
1.0625 0.75
1.03125 0.75
1.0625 0.8125
1.09375 0.8125
1.09375 0.75
1.0625 0.75
1.09375 0.8125
1.125 0.8125
1.125 0.75
1.09375 0.75
1.125 0.8125
1.15625 0.8125
1.15625 0.75
1.125 0.75
1.15625 0.8125
1.1875 0.8125
1.1875 0.75
1.15625 0.75
1.1875 0.8125
1.21875 0.8125
1.21875 0.75
1.1875 0.75
1.21875 0.8125
1.25 0.8125
1.25 0.75
1.21875 0.75
1.25 0.8125
1.28125 0.8125
1.28125 0.75
1.25 0.75
1.28125 0.8125
1.3125 0.8125
1.3125 0.75
1.28125 0.75
1.3125 0.8125
1.34375 0.8125
1.34375 0.75
1.3125 0.75
1.34375 0.8125
1.375 0.8125
1.375 0.75
1.34375 0.75
1.375 0.8125
1.40625 0.8125
1.40625 0.75
1.375 0.75
1.40625 0.8125
1.4375 0.8125
1.4375 0.75
1.40625 0.75
1.4375 0.8125
1.46875 0.8125
1.46875 0.75
1.4375 0.75
1.46875 0.8125
1.5 0.8125
1.5 0.75
1.46875 0.75
0.5 0.75
0.53125 0.75
0.53125 0.6875
0.5 0.6875
0.53125 0.75
0.5625 0.75
0.5625 0.6875
0.53125 0.6875
0.5625 0.75
0.59375 0.75
0.59375 0.6875
0.5625 0.6875
0.59375 0.75
0.625 0.75
0.625 0.6875
0.59375 0.6875
0.625 0.75
0.65625 0.75
0.65625 0.6875
0.625 0.6875
0.65625 0.75
0.6875 0.75
0.6875 0.6875
0.65625 0.6875
0.6875 0.75
0.71875 0.75
0.71875 0.6875
0.6875 0.6875
0.71875 0.75
0.75 0.75
0.75 0.6875
0.71875 0.6875
0.75 0.75
0.78125 0.75
0.78125 0.6875
0.75 0.6875
0.78125 0.75
0.8125 0.75
0.8125 0.6875
0.78125 0.6875
0.8125 0.75
0.84375 0.75
0.84375 0.6875
0.8125 0.6875
0.84375 0.75
0.875 0.75
0.875 0.6875
0.84375 0.6875
0.875 0.75
0.90625 0.75
0.90625 0.6875
0.875 0.6875
0.90625 0.75
0.9375 0.75
0.9375 0.6875
0.90625 0.6875
0.9375 0.75
0.96875 0.75
0.96875 0.6875
0.9375 0.6875
0.96875 0.75
1.0 0.75
1.0 0.6875
0.96875 0.6875
1.0 0.75
1.03125 0.75
1.03125 0.6875
1.0 0.6875
1.03125 0.75
1.0625 0.75
1.0625 0.6875
1.03125 0.6875
1.0625 0.75
1.09375 0.75
1.09375 0.6875
1.0625 0.6875
1.09375 0.75
1.125 0.75
1.125 0.6875
1.09375 0.6875
1.125 0.75
1.15625 0.75
1.15625 0.6875
1.125 0.6875
1.15625 0.75
1.1875 0.75
1.1875 0.6875
1.15625 0.6875
1.1875 0.75
1.21875 0.75
1.21875 0.6875
1.1875 0.6875
1.21875 0.75
1.25 0.75
1.25 0.6875
1.21875 0.6875
1.25 0.75
1.28125 0.75
1.28125 0.6875
1.25 0.6875
1.28125 0.75
1.3125 0.75
1.3125 0.6875
1.28125 0.6875
1.3125 0.75
1.34375 0.75
1.34375 0.6875
1.3125 0.6875
1.34375 0.75
1.375 0.75
1.375 0.6875
1.34375 0.6875
1.375 0.75
1.40625 0.75
1.40625 0.6875
1.375 0.6875
1.40625 0.75
1.4375 0.75
1.4375 0.6875
1.40625 0.6875
1.4375 0.75
1.46875 0.75
1.46875 0.6875
1.4375 0.6875
1.46875 0.75
1.5 0.75
1.5 0.6875
1.46875 0.6875
0.5 0.6875
0.53125 0.6875
0.53125 0.625
0.5 0.625
0.53125 0.6875
0.5625 0.6875
0.5625 0.625
0.53125 0.625
0.5625 0.6875
0.59375 0.6875
0.59375 0.625
0.5625 0.625
0.59375 0.6875
0.625 0.6875
0.625 0.625
0.59375 0.625
0.625 0.6875
0.65625 0.6875
0.65625 0.625
0.625 0.625
0.65625 0.6875
0.6875 0.6875
0.6875 0.625
0.65625 0.625
0.6875 0.6875
0.71875 0.6875
0.71875 0.625
0.6875 0.625
0.71875 0.6875
0.75 0.6875
0.75 0.625
0.71875 0.625
0.75 0.6875
0.78125 0.6875
0.78125 0.625
0.75 0.625
0.78125 0.6875
0.8125 0.6875
0.8125 0.625
0.78125 0.625
0.8125 0.6875
0.84375 0.6875
0.84375 0.625
0.8125 0.625
0.84375 0.6875
0.875 0.6875
0.875 0.625
0.84375 0.625
0.875 0.6875
0.90625 0.6875
0.90625 0.625
0.875 0.625
0.90625 0.6875
0.9375 0.6875
0.9375 0.625
0.90625 0.625
0.9375 0.6875
0.96875 0.6875
0.96875 0.625
0.9375 0.625
0.96875 0.6875
1.0 0.6875
1.0 0.625
0.96875 0.625
1.0 0.6875
1.03125 0.6875
1.03125 0.625
1.0 0.625
1.03125 0.6875
1.0625 0.6875
1.0625 0.625
1.03125 0.625
1.0625 0.6875
1.09375 0.6875
1.09375 0.625
1.0625 0.625
1.09375 0.6875
1.125 0.6875
1.125 0.625
1.09375 0.625
1.125 0.6875
1.15625 0.6875
1.15625 0.625
1.125 0.625
1.15625 0.6875
1.1875 0.6875
1.1875 0.625
1.15625 0.625
1.1875 0.6875
1.21875 0.6875
1.21875 0.625
1.1875 0.625
1.21875 0.6875
1.25 0.6875
1.25 0.625
1.21875 0.625
1.25 0.6875
1.28125 0.6875
1.28125 0.625
1.25 0.625
1.28125 0.6875
1.3125 0.6875
1.3125 0.625
1.28125 0.625
1.3125 0.6875
1.34375 0.6875
1.34375 0.625
1.3125 0.625
1.34375 0.6875
1.375 0.6875
1.375 0.625
1.34375 0.625
1.375 0.6875
1.40625 0.6875
1.40625 0.625
1.375 0.625
1.40625 0.6875
1.4375 0.6875
1.4375 0.625
1.40625 0.625
1.4375 0.6875
1.46875 0.6875
1.46875 0.625
1.4375 0.625
1.46875 0.6875
1.5 0.6875
1.5 0.625
1.46875 0.625
0.5 0.625
0.53125 0.625
0.53125 0.5625
0.5 0.5625
0.53125 0.625
0.5625 0.625
0.5625 0.5625
0.53125 0.5625
0.5625 0.625
0.59375 0.625
0.59375 0.5625
0.5625 0.5625
0.59375 0.625
0.625 0.625
0.625 0.5625
0.59375 0.5625
0.625 0.625
0.65625 0.625
0.65625 0.5625
0.625 0.5625
0.65625 0.625
0.6875 0.625
0.6875 0.5625
0.65625 0.5625
0.6875 0.625
0.71875 0.625
0.71875 0.5625
0.6875 0.5625
0.71875 0.625
0.75 0.625
0.75 0.5625
0.71875 0.5625
0.75 0.625
0.78125 0.625
0.78125 0.5625
0.75 0.5625
0.78125 0.625
0.8125 0.625
0.8125 0.5625
0.78125 0.5625
0.8125 0.625
0.84375 0.625
0.84375 0.5625
0.8125 0.5625
0.84375 0.625
0.875 0.625
0.875 0.5625
0.84375 0.5625
0.875 0.625
0.90625 0.625
0.90625 0.5625
0.875 0.5625
0.90625 0.625
0.9375 0.625
0.9375 0.5625
0.90625 0.5625
0.9375 0.625
0.96875 0.625
0.96875 0.5625
0.9375 0.5625
0.96875 0.625
1.0 0.625
1.0 0.5625
0.96875 0.5625
1.0 0.625
1.03125 0.625
1.03125 0.5625
1.0 0.5625
1.03125 0.625
1.0625 0.625
1.0625 0.5625
1.03125 0.5625
1.0625 0.625
1.09375 0.625
1.09375 0.5625
1.0625 0.5625
1.09375 0.625
1.125 0.625
1.125 0.5625
1.09375 0.5625
1.125 0.625
1.15625 0.625
1.15625 0.5625
1.125 0.5625
1.15625 0.625
1.1875 0.625
1.1875 0.5625
1.15625 0.5625
1.1875 0.625
1.21875 0.625
1.21875 0.5625
1.1875 0.5625
1.21875 0.625
1.25 0.625
1.25 0.5625
1.21875 0.5625
1.25 0.625
1.28125 0.625
1.28125 0.5625
1.25 0.5625
1.28125 0.625
1.3125 0.625
1.3125 0.5625
1.28125 0.5625
1.3125 0.625
1.34375 0.625
1.34375 0.5625
1.3125 0.5625
1.34375 0.625
1.375 0.625
1.375 0.5625
1.34375 0.5625
1.375 0.625
1.40625 0.625
1.40625 0.5625
1.375 0.5625
1.40625 0.625
1.4375 0.625
1.4375 0.5625
1.40625 0.5625
1.4375 0.625
1.46875 0.625
1.46875 0.5625
1.4375 0.5625
1.46875 0.625
1.5 0.625
1.5 0.5625
1.46875 0.5625
0.5 0.5625
0.53125 0.5625
0.53125 0.5
0.5 0.5
0.53125 0.5625
0.5625 0.5625
0.5625 0.5
0.53125 0.5
0.5625 0.5625
0.59375 0.5625
0.59375 0.5
0.5625 0.5
0.59375 0.5625
0.625 0.5625
0.625 0.5
0.59375 0.5
0.625 0.5625
0.65625 0.5625
0.65625 0.5
0.625 0.5
0.65625 0.5625
0.6875 0.5625
0.6875 0.5
0.65625 0.5
0.6875 0.5625
0.71875 0.5625
0.71875 0.5
0.6875 0.5
0.71875 0.5625
0.75 0.5625
0.75 0.5
0.71875 0.5
0.75 0.5625
0.78125 0.5625
0.78125 0.5
0.75 0.5
0.78125 0.5625
0.8125 0.5625
0.8125 0.5
0.78125 0.5
0.8125 0.5625
0.84375 0.5625
0.84375 0.5
0.8125 0.5
0.84375 0.5625
0.875 0.5625
0.875 0.5
0.84375 0.5
0.875 0.5625
0.90625 0.5625
0.90625 0.5
0.875 0.5
0.90625 0.5625
0.9375 0.5625
0.9375 0.5
0.90625 0.5
0.9375 0.5625
0.96875 0.5625
0.96875 0.5
0.9375 0.5
0.96875 0.5625
1.0 0.5625
1.0 0.5
0.96875 0.5
1.0 0.5625
1.03125 0.5625
1.03125 0.5
1.0 0.5
1.03125 0.5625
1.0625 0.5625
1.0625 0.5
1.03125 0.5
1.0625 0.5625
1.09375 0.5625
1.09375 0.5
1.0625 0.5
1.09375 0.5625
1.125 0.5625
1.125 0.5
1.09375 0.5
1.125 0.5625
1.15625 0.5625
1.15625 0.5
1.125 0.5
1.15625 0.5625
1.1875 0.5625
1.1875 0.5
1.15625 0.5
1.1875 0.5625
1.21875 0.5625
1.21875 0.5
1.1875 0.5
1.21875 0.5625
1.25 0.5625
1.25 0.5
1.21875 0.5
1.25 0.5625
1.28125 0.5625
1.28125 0.5
1.25 0.5
1.28125 0.5625
1.3125 0.5625
1.3125 0.5
1.28125 0.5
1.3125 0.5625
1.34375 0.5625
1.34375 0.5
1.3125 0.5
1.34375 0.5625
1.375 0.5625
1.375 0.5
1.34375 0.5
1.375 0.5625
1.40625 0.5625
1.40625 0.5
1.375 0.5
1.40625 0.5625
1.4375 0.5625
1.4375 0.5
1.40625 0.5
1.4375 0.5625
1.46875 0.5625
1.46875 0.5
1.4375 0.5
1.46875 0.5625
1.5 0.5625
1.5 0.5
1.46875 0.5
0.5 0.5
0.53125 0.5
0.53125 0.4375
0.5 0.4375
0.53125 0.5
0.5625 0.5
0.5625 0.4375
0.53125 0.4375
0.5625 0.5
0.59375 0.5
0.59375 0.4375
0.5625 0.4375
0.59375 0.5
0.625 0.5
0.625 0.4375
0.59375 0.4375
0.625 0.5
0.65625 0.5
0.65625 0.4375
0.625 0.4375
0.65625 0.5
0.6875 0.5
0.6875 0.4375
0.65625 0.4375
0.6875 0.5
0.71875 0.5
0.71875 0.4375
0.6875 0.4375
0.71875 0.5
0.75 0.5
0.75 0.4375
0.71875 0.4375
0.75 0.5
0.78125 0.5
0.78125 0.4375
0.75 0.4375
0.78125 0.5
0.8125 0.5
0.8125 0.4375
0.78125 0.4375
0.8125 0.5
0.84375 0.5
0.84375 0.4375
0.8125 0.4375
0.84375 0.5
0.875 0.5
0.875 0.4375
0.84375 0.4375
0.875 0.5
0.90625 0.5
0.90625 0.4375
0.875 0.4375
0.90625 0.5
0.9375 0.5
0.9375 0.4375
0.90625 0.4375
0.9375 0.5
0.96875 0.5
0.96875 0.4375
0.9375 0.4375
0.96875 0.5
1.0 0.5
1.0 0.4375
0.96875 0.4375
1.0 0.5
1.03125 0.5
1.03125 0.4375
1.0 0.4375
1.03125 0.5
1.0625 0.5
1.0625 0.4375
1.03125 0.4375
1.0625 0.5
1.09375 0.5
1.09375 0.4375
1.0625 0.4375
1.09375 0.5
1.125 0.5
1.125 0.4375
1.09375 0.4375
1.125 0.5
1.15625 0.5
1.15625 0.4375
1.125 0.4375
1.15625 0.5
1.1875 0.5
1.1875 0.4375
1.15625 0.4375
1.1875 0.5
1.21875 0.5
1.21875 0.4375
1.1875 0.4375
1.21875 0.5
1.25 0.5
1.25 0.4375
1.21875 0.4375
1.25 0.5
1.28125 0.5
1.28125 0.4375
1.25 0.4375
1.28125 0.5
1.3125 0.5
1.3125 0.4375
1.28125 0.4375
1.3125 0.5
1.34375 0.5
1.34375 0.4375
1.3125 0.4375
1.34375 0.5
1.375 0.5
1.375 0.4375
1.34375 0.4375
1.375 0.5
1.40625 0.5
1.40625 0.4375
1.375 0.4375
1.40625 0.5
1.4375 0.5
1.4375 0.4375
1.40625 0.4375
1.4375 0.5
1.46875 0.5
1.46875 0.4375
1.4375 0.4375
1.46875 0.5
1.5 0.5
1.5 0.4375
1.46875 0.4375
0.5 0.4375
0.53125 0.4375
0.53125 0.375
0.5 0.375
0.53125 0.4375
0.5625 0.4375
0.5625 0.375
0.53125 0.375
0.5625 0.4375
0.59375 0.4375
0.59375 0.375
0.5625 0.375
0.59375 0.4375
0.625 0.4375
0.625 0.375
0.59375 0.375
0.625 0.4375
0.65625 0.4375
0.65625 0.375
0.625 0.375
0.65625 0.4375
0.6875 0.4375
0.6875 0.375
0.65625 0.375
0.6875 0.4375
0.71875 0.4375
0.71875 0.375
0.6875 0.375
0.71875 0.4375
0.75 0.4375
0.75 0.375
0.71875 0.375
0.75 0.4375
0.78125 0.4375
0.78125 0.375
0.75 0.375
0.78125 0.4375
0.8125 0.4375
0.8125 0.375
0.78125 0.375
0.8125 0.4375
0.84375 0.4375
0.84375 0.375
0.8125 0.375
0.84375 0.4375
0.875 0.4375
0.875 0.375
0.84375 0.375
0.875 0.4375
0.90625 0.4375
0.90625 0.375
0.875 0.375
0.90625 0.4375
0.9375 0.4375
0.9375 0.375
0.90625 0.375
0.9375 0.4375
0.96875 0.4375
0.96875 0.375
0.9375 0.375
0.96875 0.4375
1.0 0.4375
1.0 0.375
0.96875 0.375
1.0 0.4375
1.03125 0.4375
1.03125 0.375
1.0 0.375
1.03125 0.4375
1.0625 0.4375
1.0625 0.375
1.03125 0.375
1.0625 0.4375
1.09375 0.4375
1.09375 0.375
1.0625 0.375
1.09375 0.4375
1.125 0.4375
1.125 0.375
1.09375 0.375
1.125 0.4375
1.15625 0.4375
1.15625 0.375
1.125 0.375
1.15625 0.4375
1.1875 0.4375
1.1875 0.375
1.15625 0.375
1.1875 0.4375
1.21875 0.4375
1.21875 0.375
1.1875 0.375
1.21875 0.4375
1.25 0.4375
1.25 0.375
1.21875 0.375
1.25 0.4375
1.28125 0.4375
1.28125 0.375
1.25 0.375
1.28125 0.4375
1.3125 0.4375
1.3125 0.375
1.28125 0.375
1.3125 0.4375
1.34375 0.4375
1.34375 0.375
1.3125 0.375
1.34375 0.4375
1.375 0.4375
1.375 0.375
1.34375 0.375
1.375 0.4375
1.40625 0.4375
1.40625 0.375
1.375 0.375
1.40625 0.4375
1.4375 0.4375
1.4375 0.375
1.40625 0.375
1.4375 0.4375
1.46875 0.4375
1.46875 0.375
1.4375 0.375
1.46875 0.4375
1.5 0.4375
1.5 0.375
1.46875 0.375
0.5 0.375
0.53125 0.375
0.53125 0.3125
0.5 0.3125
0.53125 0.375
0.5625 0.375
0.5625 0.3125
0.53125 0.3125
0.5625 0.375
0.59375 0.375
0.59375 0.3125
0.5625 0.3125
0.59375 0.375
0.625 0.375
0.625 0.3125
0.59375 0.3125
0.625 0.375
0.65625 0.375
0.65625 0.3125
0.625 0.3125
0.65625 0.375
0.6875 0.375
0.6875 0.3125
0.65625 0.3125
0.6875 0.375
0.71875 0.375
0.71875 0.3125
0.6875 0.3125
0.71875 0.375
0.75 0.375
0.75 0.3125
0.71875 0.3125
0.75 0.375
0.78125 0.375
0.78125 0.3125
0.75 0.3125
0.78125 0.375
0.8125 0.375
0.8125 0.3125
0.78125 0.3125
0.8125 0.375
0.84375 0.375
0.84375 0.3125
0.8125 0.3125
0.84375 0.375
0.875 0.375
0.875 0.3125
0.84375 0.3125
0.875 0.375
0.90625 0.375
0.90625 0.3125
0.875 0.3125
0.90625 0.375
0.9375 0.375
0.9375 0.3125
0.90625 0.3125
0.9375 0.375
0.96875 0.375
0.96875 0.3125
0.9375 0.3125
0.96875 0.375
1.0 0.375
1.0 0.3125
0.96875 0.3125
1.0 0.375
1.03125 0.375
1.03125 0.3125
1.0 0.3125
1.03125 0.375
1.0625 0.375
1.0625 0.3125
1.03125 0.3125
1.0625 0.375
1.09375 0.375
1.09375 0.3125
1.0625 0.3125
1.09375 0.375
1.125 0.375
1.125 0.3125
1.09375 0.3125
1.125 0.375
1.15625 0.375
1.15625 0.3125
1.125 0.3125
1.15625 0.375
1.1875 0.375
1.1875 0.3125
1.15625 0.3125
1.1875 0.375
1.21875 0.375
1.21875 0.3125
1.1875 0.3125
1.21875 0.375
1.25 0.375
1.25 0.3125
1.21875 0.3125
1.25 0.375
1.28125 0.375
1.28125 0.3125
1.25 0.3125
1.28125 0.375
1.3125 0.375
1.3125 0.3125
1.28125 0.3125
1.3125 0.375
1.34375 0.375
1.34375 0.3125
1.3125 0.3125
1.34375 0.375
1.375 0.375
1.375 0.3125
1.34375 0.3125
1.375 0.375
1.40625 0.375
1.40625 0.3125
1.375 0.3125
1.40625 0.375
1.4375 0.375
1.4375 0.3125
1.40625 0.3125
1.4375 0.375
1.46875 0.375
1.46875 0.3125
1.4375 0.3125
1.46875 0.375
1.5 0.375
1.5 0.3125
1.46875 0.3125
0.5 0.3125
0.53125 0.3125
0.53125 0.25
0.5 0.25
0.53125 0.3125
0.5625 0.3125
0.5625 0.25
0.53125 0.25
0.5625 0.3125
0.59375 0.3125
0.59375 0.25
0.5625 0.25
0.59375 0.3125
0.625 0.3125
0.625 0.25
0.59375 0.25
0.625 0.3125
0.65625 0.3125
0.65625 0.25
0.625 0.25
0.65625 0.3125
0.6875 0.3125
0.6875 0.25
0.65625 0.25
0.6875 0.3125
0.71875 0.3125
0.71875 0.25
0.6875 0.25
0.71875 0.3125
0.75 0.3125
0.75 0.25
0.71875 0.25
0.75 0.3125
0.78125 0.3125
0.78125 0.25
0.75 0.25
0.78125 0.3125
0.8125 0.3125
0.8125 0.25
0.78125 0.25
0.8125 0.3125
0.84375 0.3125
0.84375 0.25
0.8125 0.25
0.84375 0.3125
0.875 0.3125
0.875 0.25
0.84375 0.25
0.875 0.3125
0.90625 0.3125
0.90625 0.25
0.875 0.25
0.90625 0.3125
0.9375 0.3125
0.9375 0.25
0.90625 0.25
0.9375 0.3125
0.96875 0.3125
0.96875 0.25
0.9375 0.25
0.96875 0.3125
1.0 0.3125
1.0 0.25
0.96875 0.25
1.0 0.3125
1.03125 0.3125
1.03125 0.25
1.0 0.25
1.03125 0.3125
1.0625 0.3125
1.0625 0.25
1.03125 0.25
1.0625 0.3125
1.09375 0.3125
1.09375 0.25
1.0625 0.25
1.09375 0.3125
1.125 0.3125
1.125 0.25
1.09375 0.25
1.125 0.3125
1.15625 0.3125
1.15625 0.25
1.125 0.25
1.15625 0.3125
1.1875 0.3125
1.1875 0.25
1.15625 0.25
1.1875 0.3125
1.21875 0.3125
1.21875 0.25
1.1875 0.25
1.21875 0.3125
1.25 0.3125
1.25 0.25
1.21875 0.25
1.25 0.3125
1.28125 0.3125
1.28125 0.25
1.25 0.25
1.28125 0.3125
1.3125 0.3125
1.3125 0.25
1.28125 0.25
1.3125 0.3125
1.34375 0.3125
1.34375 0.25
1.3125 0.25
1.34375 0.3125
1.375 0.3125
1.375 0.25
1.34375 0.25
1.375 0.3125
1.40625 0.3125
1.40625 0.25
1.375 0.25
1.40625 0.3125
1.4375 0.3125
1.4375 0.25
1.40625 0.25
1.4375 0.3125
1.46875 0.3125
1.46875 0.25
1.4375 0.25
1.46875 0.3125
1.5 0.3125
1.5 0.25
1.46875 0.25
0.5 0.25
0.53125 0.25
0.53125 0.1875
0.5 0.1875
0.53125 0.25
0.5625 0.25
0.5625 0.1875
0.53125 0.1875
0.5625 0.25
0.59375 0.25
0.59375 0.1875
0.5625 0.1875
0.59375 0.25
0.625 0.25
0.625 0.1875
0.59375 0.1875
0.625 0.25
0.65625 0.25
0.65625 0.1875
0.625 0.1875
0.65625 0.25
0.6875 0.25
0.6875 0.1875
0.65625 0.1875
0.6875 0.25
0.71875 0.25
0.71875 0.1875
0.6875 0.1875
0.71875 0.25
0.75 0.25
0.75 0.1875
0.71875 0.1875
0.75 0.25
0.78125 0.25
0.78125 0.1875
0.75 0.1875
0.78125 0.25
0.8125 0.25
0.8125 0.1875
0.78125 0.1875
0.8125 0.25
0.84375 0.25
0.84375 0.1875
0.8125 0.1875
0.84375 0.25
0.875 0.25
0.875 0.1875
0.84375 0.1875
0.875 0.25
0.90625 0.25
0.90625 0.1875
0.875 0.1875
0.90625 0.25
0.9375 0.25
0.9375 0.1875
0.90625 0.1875
0.9375 0.25
0.96875 0.25
0.96875 0.1875
0.9375 0.1875
0.96875 0.25
1.0 0.25
1.0 0.1875
0.96875 0.1875
1.0 0.25
1.03125 0.25
1.03125 0.1875
1.0 0.1875
1.03125 0.25
1.0625 0.25
1.0625 0.1875
1.03125 0.1875
1.0625 0.25
1.09375 0.25
1.09375 0.1875
1.0625 0.1875
1.09375 0.25
1.125 0.25
1.125 0.1875
1.09375 0.1875
1.125 0.25
1.15625 0.25
1.15625 0.1875
1.125 0.1875
1.15625 0.25
1.1875 0.25
1.1875 0.1875
1.15625 0.1875
1.1875 0.25
1.21875 0.25
1.21875 0.1875
1.1875 0.1875
1.21875 0.25
1.25 0.25
1.25 0.1875
1.21875 0.1875
1.25 0.25
1.28125 0.25
1.28125 0.1875
1.25 0.1875
1.28125 0.25
1.3125 0.25
1.3125 0.1875
1.28125 0.1875
1.3125 0.25
1.34375 0.25
1.34375 0.1875
1.3125 0.1875
1.34375 0.25
1.375 0.25
1.375 0.1875
1.34375 0.1875
1.375 0.25
1.40625 0.25
1.40625 0.1875
1.375 0.1875
1.40625 0.25
1.4375 0.25
1.4375 0.1875
1.40625 0.1875
1.4375 0.25
1.46875 0.25
1.46875 0.1875
1.4375 0.1875
1.46875 0.25
1.5 0.25
1.5 0.1875
1.46875 0.1875
0.5 0.1875
0.53125 0.1875
0.53125 0.125
0.5 0.125
0.53125 0.1875
0.5625 0.1875
0.5625 0.125
0.53125 0.125
0.5625 0.1875
0.59375 0.1875
0.59375 0.125
0.5625 0.125
0.59375 0.1875
0.625 0.1875
0.625 0.125
0.59375 0.125
0.625 0.1875
0.65625 0.1875
0.65625 0.125
0.625 0.125
0.65625 0.1875
0.6875 0.1875
0.6875 0.125
0.65625 0.125
0.6875 0.1875
0.71875 0.1875
0.71875 0.125
0.6875 0.125
0.71875 0.1875
0.75 0.1875
0.75 0.125
0.71875 0.125
0.75 0.1875
0.78125 0.1875
0.78125 0.125
0.75 0.125
0.78125 0.1875
0.8125 0.1875
0.8125 0.125
0.78125 0.125
0.8125 0.1875
0.84375 0.1875
0.84375 0.125
0.8125 0.125
0.84375 0.1875
0.875 0.1875
0.875 0.125
0.84375 0.125
0.875 0.1875
0.90625 0.1875
0.90625 0.125
0.875 0.125
0.90625 0.1875
0.9375 0.1875
0.9375 0.125
0.90625 0.125
0.9375 0.1875
0.96875 0.1875
0.96875 0.125
0.9375 0.125
0.96875 0.1875
1.0 0.1875
1.0 0.125
0.96875 0.125
1.0 0.1875
1.03125 0.1875
1.03125 0.125
1.0 0.125
1.03125 0.1875
1.0625 0.1875
1.0625 0.125
1.03125 0.125
1.0625 0.1875
1.09375 0.1875
1.09375 0.125
1.0625 0.125
1.09375 0.1875
1.125 0.1875
1.125 0.125
1.09375 0.125
1.125 0.1875
1.15625 0.1875
1.15625 0.125
1.125 0.125
1.15625 0.1875
1.1875 0.1875
1.1875 0.125
1.15625 0.125
1.1875 0.1875
1.21875 0.1875
1.21875 0.125
1.1875 0.125
1.21875 0.1875
1.25 0.1875
1.25 0.125
1.21875 0.125
1.25 0.1875
1.28125 0.1875
1.28125 0.125
1.25 0.125
1.28125 0.1875
1.3125 0.1875
1.3125 0.125
1.28125 0.125
1.3125 0.1875
1.34375 0.1875
1.34375 0.125
1.3125 0.125
1.34375 0.1875
1.375 0.1875
1.375 0.125
1.34375 0.125
1.375 0.1875
1.40625 0.1875
1.40625 0.125
1.375 0.125
1.40625 0.1875
1.4375 0.1875
1.4375 0.125
1.40625 0.125
1.4375 0.1875
1.46875 0.1875
1.46875 0.125
1.4375 0.125
1.46875 0.1875
1.5 0.1875
1.5 0.125
1.46875 0.125
0.5 0.125
0.53125 0.125
0.53125 0.0625
0.5 0.0625
0.53125 0.125
0.5625 0.125
0.5625 0.0625
0.53125 0.0625
0.5625 0.125
0.59375 0.125
0.59375 0.0625
0.5625 0.0625
0.59375 0.125
0.625 0.125
0.625 0.0625
0.59375 0.0625
0.625 0.125
0.65625 0.125
0.65625 0.0625
0.625 0.0625
0.65625 0.125
0.6875 0.125
0.6875 0.0625
0.65625 0.0625
0.6875 0.125
0.71875 0.125
0.71875 0.0625
0.6875 0.0625
0.71875 0.125
0.75 0.125
0.75 0.0625
0.71875 0.0625
0.75 0.125
0.78125 0.125
0.78125 0.0625
0.75 0.0625
0.78125 0.125
0.8125 0.125
0.8125 0.0625
0.78125 0.0625
0.8125 0.125
0.84375 0.125
0.84375 0.0625
0.8125 0.0625
0.84375 0.125
0.875 0.125
0.875 0.0625
0.84375 0.0625
0.875 0.125
0.90625 0.125
0.90625 0.0625
0.875 0.0625
0.90625 0.125
0.9375 0.125
0.9375 0.0625
0.90625 0.0625
0.9375 0.125
0.96875 0.125
0.96875 0.0625
0.9375 0.0625
0.96875 0.125
1.0 0.125
1.0 0.0625
0.96875 0.0625
1.0 0.125
1.03125 0.125
1.03125 0.0625
1.0 0.0625
1.03125 0.125
1.0625 0.125
1.0625 0.0625
1.03125 0.0625
1.0625 0.125
1.09375 0.125
1.09375 0.0625
1.0625 0.0625
1.09375 0.125
1.125 0.125
1.125 0.0625
1.09375 0.0625
1.125 0.125
1.15625 0.125
1.15625 0.0625
1.125 0.0625
1.15625 0.125
1.1875 0.125
1.1875 0.0625
1.15625 0.0625
1.1875 0.125
1.21875 0.125
1.21875 0.0625
1.1875 0.0625
1.21875 0.125
1.25 0.125
1.25 0.0625
1.21875 0.0625
1.25 0.125
1.28125 0.125
1.28125 0.0625
1.25 0.0625
1.28125 0.125
1.3125 0.125
1.3125 0.0625
1.28125 0.0625
1.3125 0.125
1.34375 0.125
1.34375 0.0625
1.3125 0.0625
1.34375 0.125
1.375 0.125
1.375 0.0625
1.34375 0.0625
1.375 0.125
1.40625 0.125
1.40625 0.0625
1.375 0.0625
1.40625 0.125
1.4375 0.125
1.4375 0.0625
1.40625 0.0625
1.4375 0.125
1.46875 0.125
1.46875 0.0625
1.4375 0.0625
1.46875 0.125
1.5 0.125
1.5 0.0625
1.46875 0.0625
0.5 0.0625
0.53125 0.0625
0.515625 0.0
0.53125 0.0625
0.5625 0.0625
0.546875 0.0
0.5625 0.0625
0.59375 0.0625
0.578125 0.0
0.59375 0.0625
0.625 0.0625
0.609375 0.0
0.625 0.0625
0.65625 0.0625
0.640625 0.0
0.65625 0.0625
0.6875 0.0625
0.671875 0.0
0.6875 0.0625
0.71875 0.0625
0.703125 0.0
0.71875 0.0625
0.75 0.0625
0.734375 0.0
0.75 0.0625
0.78125 0.0625
0.765625 0.0
0.78125 0.0625
0.8125 0.0625
0.796875 0.0
0.8125 0.0625
0.84375 0.0625
0.828125 0.0
0.84375 0.0625
0.875 0.0625
0.859375 0.0
0.875 0.0625
0.90625 0.0625
0.890625 0.0
0.90625 0.0625
0.9375 0.0625
0.921875 0.0
0.9375 0.0625
0.96875 0.0625
0.953125 0.0
0.96875 0.0625
1.0 0.0625
0.984375 0.0
1.0 0.0625
1.03125 0.0625
1.015625 0.0
1.03125 0.0625
1.0625 0.0625
1.046875 0.0
1.0625 0.0625
1.09375 0.0625
1.078125 0.0
1.09375 0.0625
1.125 0.0625
1.109375 0.0
1.125 0.0625
1.15625 0.0625
1.140625 0.0
1.15625 0.0625
1.1875 0.0625
1.171875 0.0
1.1875 0.0625
1.21875 0.0625
1.203125 0.0
1.21875 0.0625
1.25 0.0625
1.234375 0.0
1.25 0.0625
1.28125 0.0625
1.265625 0.0
1.28125 0.0625
1.3125 0.0625
1.296875 0.0
1.3125 0.0625
1.34375 0.0625
1.328125 0.0
1.34375 0.0625
1.375 0.0625
1.359375 0.0
1.375 0.0625
1.40625 0.0625
1.390625 0.0
1.40625 0.0625
1.4375 0.0625
1.421875 0.0
1.4375 0.0625
1.46875 0.0625
1.453125 0.0
1.46875 0.0625
1.5 0.0625
1.484375 0.0
2 1 0 5 4 3 8 7 6 11 10 9 14 13 12 17 16 15 20 19 18 23 22 21 26 25 24 29 28 27 32 31 30 35 34 33 38 37 36 41 40 39 44 43 42 47 46 45 50 49 48 53 52 51 56 55 54 59 58 57 62 61 60 65 64 63 68 67 66 71 70 69 74 73 72 77 76 75 80 79 78 83 82 81 86 85 84 89 88 87 92 91 90 95 94 93 99 98 97 96 103 102 101 100 107 106 105 104 111 110 109 108 115 114 113 112 119 118 117 116 123 122 121 120 127 126 125 124 131 130 129 128 135 134 133 132 139 138 137 136 143 142 141 140 147 146 145 144 151 150 149 148 155 154 153 152 159 158 157 156 163 162 161 160 167 166 165 164 171 170 169 168 175 174 173 172 179 178 177 176 183 182 181 180 187 186 185 184 191 190 189 188 195 194 193 192 199 198 197 196 203 202 201 200 207 206 205 204 211 210 209 208 215 214 213 212 219 218 217 216 223 222 221 220 227 226 225 224 231 230 229 228 235 234 233 232 239 238 237 236 243 242 241 240 247 246 245 244 251 250 249 248 255 254 253 252 259 258 257 256 263 262 261 260 267 266 265 264 271 270 269 268 275 274 273 272 279 278 277 276 283 282 281 280 287 286 285 284 291 290 289 288 295 294 293 292 299 298 297 296 303 302 301 300 307 306 305 304 311 310 309 308 315 314 313 312 319 318 317 316 323 322 321 320 327 326 325 324 331 330 329 328 335 334 333 332 339 338 337 336 343 342 341 340 347 346 345 344 351 350 349 348 355 354 353 352 359 358 357 356 363 362 361 360 367 366 365 364 371 370 369 368 375 374 373 372 379 378 377 376 383 382 381 380 387 386 385 384 391 390 389 388 395 394 393 392 399 398 397 396 403 402 401 400 407 406 405 404 411 410 409 408 415 414 413 412 419 418 417 416 423 422 421 420 427 426 425 424 431 430 429 428 435 434 433 432 439 438 437 436 443 442 441 440 447 446 445 444 451 450 449 448 455 454 453 452 459 458 457 456 463 462 461 460 467 466 465 464 471 470 469 468 475 474 473 472 479 478 477 476 483 482 481 480 487 486 485 484 491 490 489 488 495 494 493 492 499 498 497 496 503 502 501 500 507 506 505 504 511 510 509 508 515 514 513 512 519 518 517 516 523 522 521 520 527 526 525 524 531 530 529 528 535 534 533 532 539 538 537 536 543 542 541 540 547 546 545 544 551 550 549 548 555 554 553 552 559 558 557 556 563 562 561 560 567 566 565 564 571 570 569 568 575 574 573 572 579 578 577 576 583 582 581 580 587 586 585 584 591 590 589 588 595 594 593 592 599 598 597 596 603 602 601 600 607 606 605 604 611 610 609 608 615 614 613 612 619 618 617 616 623 622 621 620 627 626 625 624 631 630 629 628 635 634 633 632 639 638 637 636 643 642 641 640 647 646 645 644 651 650 649 648 655 654 653 652 659 658 657 656 663 662 661 660 667 666 665 664 671 670 669 668 675 674 673 672 679 678 677 676 683 682 681 680 687 686 685 684 691 690 689 688 695 694 693 692 699 698 697 696 703 702 701 700 707 706 705 704 711 710 709 708 715 714 713 712 719 718 717 716 723 722 721 720 727 726 725 724 731 730 729 728 735 734 733 732 739 738 737 736 743 742 741 740 747 746 745 744 751 750 749 748 755 754 753 752 759 758 757 756 763 762 761 760 767 766 765 764 771 770 769 768 775 774 773 772 779 778 777 776 783 782 781 780 787 786 785 784 791 790 789 788 795 794 793 792 799 798 797 796 803 802 801 800 807 806 805 804 811 810 809 808 815 814 813 812 819 818 817 816 823 822 821 820 827 826 825 824 831 830 829 828 835 834 833 832 839 838 837 836 843 842 841 840 847 846 845 844 851 850 849 848 855 854 853 852 859 858 857 856 863 862 861 860 867 866 865 864 871 870 869 868 875 874 873 872 879 878 877 876 883 882 881 880 887 886 885 884 891 890 889 888 895 894 893 892 899 898 897 896 903 902 901 900 907 906 905 904 911 910 909 908 915 914 913 912 919 918 917 916 923 922 921 920 927 926 925 924 931 930 929 928 935 934 933 932 939 938 937 936 943 942 941 940 947 946 945 944 951 950 949 948 955 954 953 952 959 958 957 956 963 962 961 960 967 966 965 964 971 970 969 968 975 974 973 972 979 978 977 976 983 982 981 980 987 986 985 984 991 990 989 988 995 994 993 992 999 998 997 996 1003 1002 1001 1000 1007 1006 1005 1004 1011 1010 1009 1008 1015 1014 1013 1012 1019 1018 1017 1016 1023 1022 1021 1020 1027 1026 1025 1024 1031 1030 1029 1028 1035 1034 1033 1032 1039 1038 1037 1036 1043 1042 1041 1040 1047 1046 1045 1044 1051 1050 1049 1048 1055 1054 1053 1052 1059 1058 1057 1056 1063 1062 1061 1060 1067 1066 1065 1064 1071 1070 1069 1068 1075 1074 1073 1072 1079 1078 1077 1076 1083 1082 1081 1080 1087 1086 1085 1084 1091 1090 1089 1088 1095 1094 1093 1092 1099 1098 1097 1096 1103 1102 1101 1100 1107 1106 1105 1104 1111 1110 1109 1108 1115 1114 1113 1112 1119 1118 1117 1116 1123 1122 1121 1120 1127 1126 1125 1124 1131 1130 1129 1128 1135 1134 1133 1132 1139 1138 1137 1136 1143 1142 1141 1140 1147 1146 1145 1144 1151 1150 1149 1148 1155 1154 1153 1152 1159 1158 1157 1156 1163 1162 1161 1160 1167 1166 1165 1164 1171 1170 1169 1168 1175 1174 1173 1172 1179 1178 1177 1176 1183 1182 1181 1180 1187 1186 1185 1184 1191 1190 1189 1188 1195 1194 1193 1192 1199 1198 1197 1196 1203 1202 1201 1200 1207 1206 1205 1204 1211 1210 1209 1208 1215 1214 1213 1212 1219 1218 1217 1216 1223 1222 1221 1220 1227 1226 1225 1224 1231 1230 1229 1228 1235 1234 1233 1232 1239 1238 1237 1236 1243 1242 1241 1240 1247 1246 1245 1244 1251 1250 1249 1248 1255 1254 1253 1252 1259 1258 1257 1256 1263 1262 1261 1260 1267 1266 1265 1264 1271 1270 1269 1268 1275 1274 1273 1272 1279 1278 1277 1276 1283 1282 1281 1280 1287 1286 1285 1284 1291 1290 1289 1288 1295 1294 1293 1292 1299 1298 1297 1296 1303 1302 1301 1300 1307 1306 1305 1304 1311 1310 1309 1308 1315 1314 1313 1312 1319 1318 1317 1316 1323 1322 1321 1320 1327 1326 1325 1324 1331 1330 1329 1328 1335 1334 1333 1332 1339 1338 1337 1336 1343 1342 1341 1340 1347 1346 1345 1344 1351 1350 1349 1348 1355 1354 1353 1352 1359 1358 1357 1356 1363 1362 1361 1360 1367 1366 1365 1364 1371 1370 1369 1368 1375 1374 1373 1372 1379 1378 1377 1376 1383 1382 1381 1380 1387 1386 1385 1384 1391 1390 1389 1388 1395 1394 1393 1392 1399 1398 1397 1396 1403 1402 1401 1400 1407 1406 1405 1404 1411 1410 1409 1408 1415 1414 1413 1412 1419 1418 1417 1416 1423 1422 1421 1420 1427 1426 1425 1424 1431 1430 1429 1428 1435 1434 1433 1432 1439 1438 1437 1436 1443 1442 1441 1440 1447 1446 1445 1444 1451 1450 1449 1448 1455 1454 1453 1452 1459 1458 1457 1456 1463 1462 1461 1460 1467 1466 1465 1464 1471 1470 1469 1468 1475 1474 1473 1472 1479 1478 1477 1476 1483 1482 1481 1480 1487 1486 1485 1484 1491 1490 1489 1488 1495 1494 1493 1492 1499 1498 1497 1496 1503 1502 1501 1500 1507 1506 1505 1504 1511 1510 1509 1508 1515 1514 1513 1512 1519 1518 1517 1516 1523 1522 1521 1520 1527 1526 1525 1524 1531 1530 1529 1528 1535 1534 1533 1532 1539 1538 1537 1536 1543 1542 1541 1540 1547 1546 1545 1544 1551 1550 1549 1548 1555 1554 1553 1552 1559 1558 1557 1556 1563 1562 1561 1560 1567 1566 1565 1564 1571 1570 1569 1568 1575 1574 1573 1572 1579 1578 1577 1576 1583 1582 1581 1580 1587 1586 1585 1584 1591 1590 1589 1588 1595 1594 1593 1592 1599 1598 1597 1596 1603 1602 1601 1600 1607 1606 1605 1604 1611 1610 1609 1608 1615 1614 1613 1612 1619 1618 1617 1616 1623 1622 1621 1620 1627 1626 1625 1624 1631 1630 1629 1628 1635 1634 1633 1632 1639 1638 1637 1636 1643 1642 1641 1640 1647 1646 1645 1644 1651 1650 1649 1648 1655 1654 1653 1652 1659 1658 1657 1656 1663 1662 1661 1660 1667 1666 1665 1664 1671 1670 1669 1668 1675 1674 1673 1672 1679 1678 1677 1676 1683 1682 1681 1680 1687 1686 1685 1684 1691 1690 1689 1688 1695 1694 1693 1692 1699 1698 1697 1696 1703 1702 1701 1700 1707 1706 1705 1704 1711 1710 1709 1708 1715 1714 1713 1712 1719 1718 1717 1716 1723 1722 1721 1720 1727 1726 1725 1724 1731 1730 1729 1728 1735 1734 1733 1732 1739 1738 1737 1736 1743 1742 1741 1740 1747 1746 1745 1744 1751 1750 1749 1748 1755 1754 1753 1752 1759 1758 1757 1756 1763 1762 1761 1760 1767 1766 1765 1764 1771 1770 1769 1768 1775 1774 1773 1772 1779 1778 1777 1776 1783 1782 1781 1780 1787 1786 1785 1784 1791 1790 1789 1788 1795 1794 1793 1792 1799 1798 1797 1796 1803 1802 1801 1800 1807 1806 1805 1804 1811 1810 1809 1808 1815 1814 1813 1812 1819 1818 1817 1816 1823 1822 1821 1820 1827 1826 1825 1824 1831 1830 1829 1828 1835 1834 1833 1832 1839 1838 1837 1836 1843 1842 1841 1840 1847 1846 1845 1844 1851 1850 1849 1848 1855 1854 1853 1852 1859 1858 1857 1856 1863 1862 1861 1860 1867 1866 1865 1864 1871 1870 1869 1868 1875 1874 1873 1872 1879 1878 1877 1876 1883 1882 1881 1880 1887 1886 1885 1884 1890 1889 1888 1893 1892 1891 1896 1895 1894 1899 1898 1897 1902 1901 1900 1905 1904 1903 1908 1907 1906 1911 1910 1909 1914 1913 1912 1917 1916 1915 1920 1919 1918 1923 1922 1921 1926 1925 1924 1929 1928 1927 1932 1931 1930 1935 1934 1933 1938 1937 1936 1941 1940 1939 1944 1943 1942 1947 1946 1945 1950 1949 1948 1953 1952 1951 1956 1955 1954 1959 1958 1957 1962 1961 1960 1965 1964 1963 1968 1967 1966 1971 1970 1969 1974 1973 1972 1977 1976 1975 1980 1979 1978 1983 1982 1981
