frame 1001 valid=1
jointFramesBase /TailAsset/Rig/Joints/Seg1 0 5 0 1 5 0 0 6 0 0 5 1 flags=1
jointFramesBase /TailAsset/Rig/Joints/Seg1/Seg2 2 5 0 3 5 0 2 6 0 2 5 1 flags=1
jointFramesBase /TailAsset/Rig/Joints/Seg1/Seg2/Seg3 4 5 0 5 5 0 4 6 0 4 5 1 flags=1
jointFramesBase /TailAsset/Rig/Joints/Seg1/Seg2/Seg3/Seg4 6 5 0 7 5 0 6 6 0 6 5 1 flags=1
jointFramesFinal /TailAsset/Rig/Joints/Seg1 0 5 0 1 5 0 0 6 0 0 5 1 flags=1
jointFramesFinal /TailAsset/Rig/Joints/Seg1/Seg2 2 5 0 3 5 0 2 6 0 2 5 1 flags=1
jointFramesFinal /TailAsset/Rig/Joints/Seg1/Seg2/Seg3 4 5 0 5 5 0 4 6 0 4 5 1 flags=1
jointFramesFinal /TailAsset/Rig/Joints/Seg1/Seg2/Seg3/Seg4 6 5 0 7 5 0 6 6 0 6 5 1 flags=1
jointMatricesFinal /TailAsset/Rig/Joints/Seg1 1 0 0 0 0 1 0 0 0 0 1 0 0 0 0 1
jointMatricesFinal /TailAsset/Rig/Joints/Seg1/Seg2 1 0 0 0 0 1 0 0 0 0 1 0 0 0 0 1
jointMatricesFinal /TailAsset/Rig/Joints/Seg1/Seg2/Seg3 1 0 0 0 0 1 0 0 0 0 1 0 0 0 0 1
jointMatricesFinal /TailAsset/Rig/Joints/Seg1/Seg2/Seg3/Seg4 1 0 0 0 0 1 0 0 0 0 1 0 0 0 0 1
controlFrames /TailAsset/Rig/Controls/Tail1 0 5 0 1 5 0 0 6 0 0 5 1 flags=1
controlFrames /TailAsset/Rig/Controls/Tail2 2 5 0 3 5 0 2 6 0 2 5 1 flags=1
controlFrames /TailAsset/Rig/Controls/Tail3 4 5 0 5 5 0 4 6 0 4 5 1 flags=1
controlFrames /TailAsset/Rig/Controls/Tail4 6 5 0 7 5 0 6 6 0 6 5 1 flags=1
movedProperties /TailAsset/Geom/TailStrip.extent vec3f[2] 0 4.5 0 8 5.5 0
movedProperties /TailAsset/Geom/TailStrip.normals vec3f[10] 0 0 1 0 0 1 0 0 1 0 0 1 0 0 1 0 0 1 0 0 1 0 0 1 0 0 1 0 0 1
movedProperties /TailAsset/Geom/TailStrip.points vec3f[10] 0 4.5 0 2 4.5 0 4 4.5 0 6 4.5 0 8 4.5 0 0 5.5 0 2 5.5 0 4 5.5 0 6 5.5 0 8 5.5 0
weightFields /TailAsset/Rig/Weights/Seg1W target=/TailAsset/Geom/TailStrip.points [10] 1 0.600000024 0.200000003 0 0 1 0.600000024 0.200000003 0 0
weightFields /TailAsset/Rig/Weights/Seg2W target=/TailAsset/Geom/TailStrip.points [10] 0 0.400000006 0.600000024 0.200000003 0 0 0.400000006 0.600000024 0.200000003 0
weightFields /TailAsset/Rig/Weights/Seg3W target=/TailAsset/Geom/TailStrip.points [10] 0 0 0.200000003 0.600000024 0.300000012 0 0 0.200000003 0.600000024 0.300000012
weightFields /TailAsset/Rig/Weights/Seg4W target=/TailAsset/Geom/TailStrip.points [10] 0 0 0 0.200000003 0.699999988 0 0 0 0.200000003 0.699999988
diagnostic mover graph: 3 chain(s), 6 revision(s); 0 created, 6 executed, 0 schedule(s) built
counters parityMismatches=0 parityAgreements=0 bakedParityMismatches=0 solverOverrideRounds=1 solverOverridesConverged=1 solverEvaluations=0 revisionsCreated=0 revisionsExecuted=6 schedulesBuilt=0
frame 1002 valid=1
jointFramesBase /TailAsset/Rig/Joints/Seg1 0 5 0 0.99982005654302319 5.0189663544038359 0.00036322848740069635 -0.018969832216072888 5.9996367556899619 0.019144245593447629 0 4.980852308904824 0.99981666615721299 flags=1
jointFramesBase /TailAsset/Rig/Joints/Seg1/Seg2 1.9996401130860464 5.0379327088076726 0.00072645697480137883 2.9989204040174351 5.0758585918725885 0.0014527832284233766 1.961707275648275 6.0370297978433021 0.019860367303053617 1.9996401130860464 5.0187850177124966 1.0005431231320143 flags=1
jointFramesBase /TailAsset/Rig/Joints/Seg1/Seg2/Seg3 3.9982006949488231 5.1137844749375043 0.0021791094820453605 4.9965815923684991 5.1706562376344865 0.00326827210657471 3.9413185038211562 6.1119823353506915 0.021295798501162325 3.9982006949488231 5.0946367838423283 1.0019957756392583 flags=1
jointFramesBase /TailAsset/Rig/Joints/Seg1/Seg2/Seg3/Seg4 5.9949624897881737 5.2275280003314686 0.0043574347311040734 6.9920846894760134 5.3033251752573474 0.0058090417511650616 5.9191514161268355 6.2244673937747121 0.023450022594869641 5.9949624897881737 5.2083803092362926 1.0041741008883172 flags=1
jointFramesFinal /TailAsset/Rig/Joints/Seg1 0 5 0 0.99982005654302319 5.0189663544038359 0.00036322848740069635 -0.018969832216072888 5.9996367556899619 0.019144245593447629 0 4.980852308904824 0.99981666615721299 flags=1
jointFramesFinal /TailAsset/Rig/Joints/Seg1/Seg2 1.9996401130860464 5.0379327088076726 0.00072645697480137883 2.9989204040174351 5.0758585918725885 0.0014527832284233766 1.961707275648275 6.0370297978433021 0.019860367303053617 1.9996401130860464 5.0187850177124966 1.0005431231320143 flags=1
jointFramesFinal /TailAsset/Rig/Joints/Seg1/Seg2/Seg3 3.9982006949488231 5.1137844749375043 0.0021791094820453605 4.9965815923684991 5.1706562376344865 0.00326827210657471 3.9413185038211562 6.1119823353506915 0.021295798501162325 3.9982006949488231 5.0946367838423283 1.0019957756392583 flags=1
jointFramesFinal /TailAsset/Rig/Joints/Seg1/Seg2/Seg3/Seg4 5.9949624897881737 5.2275280003314686 0.0043574347311040734 6.9920846894760134 5.3033251752573474 0.0058090417511650616 5.9191514161268355 6.2244673937747121 0.023450022594869641 5.9949624897881737 5.2083803092362926 1.0041741008883172 flags=1
jointMatricesFinal /TailAsset/Rig/Joints/Seg1 0.99982005654302319 0.018966354403835872 0.00036322848740069635 0 -0.018969832216072888 0.99963675568996191 0.019144245593447629 0 0 -0.019147691095176 0.99981666615721299 0 0.094849161080364439 0.0018162215501904555 -0.095721227967238143 1
jointMatricesFinal /TailAsset/Rig/Joints/Seg1/Seg2 0.9992802909313887 0.037925883064915844 0.00072632625362199776 0 -0.037932837437771427 0.99909708903562944 0.019133910328252238 0 0 -0.019147691095176 0.99981666615721299 0 0.19074371841212612 -0.033404502500306243 -0.096395747173703805 1
jointMatricesFinal /TailAsset/Rig/Joints/Seg1/Seg2/Seg3 0.99838089741967595 0.056871762696982131 0.0010891626245293495 0 -0.056882191127666903 0.99819786041318714 0.019116689019116964 0 0 -0.019147691095176 0.99981666615721299 0 0.28908806090845385 -0.10469187791635992 -0.097760986111656858 1
jointMatricesFinal /TailAsset/Rig/Joints/Seg1/Seg2/Seg3/Seg4 0.99712219968783966 0.075797174925878785 0.0014516070200609882 0 -0.075811073661338213 0.99693939344324356 0.019092587863765567 0 0 -0.019147691095176 0.9998166661572131 0 0.3912846599678268 -0.21195201644002193 -0.099815146708089691 1
controlFrames /TailAsset/Rig/Controls/Tail1 0 5 0 0.99982005654302319 5.0189663544038359 0.00036322848740068963 -0.018969832216072888 5.9996367556899619 0.019144245593447629 0 4.980852308904824 0.99981666615721287 flags=1
controlFrames /TailAsset/Rig/Controls/Tail2 2 5 0 2.9998200565430233 5.0189698322160732 0 1.981030167783927 5.9998200565430233 0 2 5 1 flags=1
controlFrames /TailAsset/Rig/Controls/Tail3 4 5 0 4.9998200565430233 5.0189698322160732 0 3.9810301677839273 5.9998200565430233 0 4 5 1 flags=1
controlFrames /TailAsset/Rig/Controls/Tail4 6 5 0 6.9998200565430233 5.0189698322160732 0 5.9810301677839268 5.9998200565430233 0 6 5 1 flags=1
movedProperties /TailAsset/Geom/TailStrip.extent vec3f[2] -0.00948491693 4.50018167 -0.00957211852 8.02047253 5.86563349 0.0180971511
movedProperties /TailAsset/Geom/TailStrip.normals vec3f[10] -8.71898301e-05 -0.0191480275 0.999816656 -0.000152600012 -0.0191486068 0.999816597 -0.000261515641 -0.0191500448 0.999816597 -0.000229780009 -0.0191476196 0.999816656 -0.000153282235 -0.0191442892 0.999816716 -8.71898301e-05 -0.0191480275 0.999816656 -0.00015259975 -0.0191486068 0.999816597 -0.000261937821 -0.0191500559 0.999816597 -0.000228952937 -0.0191475842 0.999816656 -0.000153282235 -0.0191442892 0.999816716
movedProperties /TailAsset/Geom/TailStrip.points vec3f[10] 0.00948491693 4.50018167 -0.00957211852 2.01274204 4.53834438 -0.00866522361 4.01650858 4.60688639 -0.00691453135 6.02080011 4.72119856 -0.0041120667 8.02047253 4.8692975 -0.000972303678 -0.00948491693 5.49981833 0.00957212597 1.9861927 5.53750515 0.0104665961 3.97859788 5.60542107 0.0122008277 5.96398163 5.71833229 0.0149695482 7.95040178 5.86563349 0.0180971511
weightFields /TailAsset/Rig/Weights/Seg1W target=/TailAsset/Geom/TailStrip.points [10] 1 0.600000024 0.200000003 0 0 1 0.600000024 0.200000003 0 0
weightFields /TailAsset/Rig/Weights/Seg2W target=/TailAsset/Geom/TailStrip.points [10] 0 0.400000006 0.600000024 0.200000003 0 0 0.400000006 0.600000024 0.200000003 0
weightFields /TailAsset/Rig/Weights/Seg3W target=/TailAsset/Geom/TailStrip.points [10] 0 0 0.200000003 0.600000024 0.300000012 0 0 0.200000003 0.600000024 0.300000012
weightFields /TailAsset/Rig/Weights/Seg4W target=/TailAsset/Geom/TailStrip.points [10] 0 0 0 0.200000003 0.699999988 0 0 0 0.200000003 0.699999988
diagnostic mover graph: 3 chain(s), 6 revision(s); 0 created, 6 executed, 0 schedule(s) built
counters parityMismatches=0 parityAgreements=0 bakedParityMismatches=0 solverOverrideRounds=1 solverOverridesConverged=1 solverEvaluations=0 revisionsCreated=0 revisionsExecuted=6 schedulesBuilt=0
